0 142.404 146.275 146.275 138.635 138.635
0.1 144.854 148.843 148.741 141.068 140.972
0.2 147.347 151.456 151.249 143.545 143.349
0.3 149.883 154.115 153.8 146.065 145.766
0.4 152.462 156.821 156.393 148.63 148.224
0.5 155.086 159.574 159.03 151.239 150.723
0.6 157.754 162.376 161.711 153.894 153.265
0.7 160.469 165.226 164.438 156.596 155.849
0.8 163.231 168.127 167.211 159.345 158.477
0.9 166.04 171.079 170.03 162.143 161.149
1 168.897 174.082 172.897 164.989 163.866
1.1 171.803 177.139 175.812 167.886 166.629
1.2 174.76 180.248 178.777 170.833 169.439
1.3 177.767 183.413 181.791 173.833 172.296
1.4 180.827 186.633 184.856 176.885 175.201
1.5 183.938 189.91 187.973 179.99 178.155
1.6 187.104 193.244 191.143 183.15 181.159
1.7 190.324 196.636 194.366 186.365 184.213
1.8 193.599 200.089 197.643 189.637 187.32
1.9 196.93 203.601 200.976 192.967 190.478
2 200.319 207.176 204.364 196.354 193.69
2.1 203.767 210.813 207.81 199.802 196.956
2.2 207.273 214.514 211.314 203.309 200.277
2.3 210.84 218.28 214.877 206.879 203.653
2.4 214.468 222.113 218.5 210.511 207.087
2.5 218.159 226.012 222.185 214.207 210.579
2.6 221.913 229.98 225.931 217.967 214.13
2.7 225.732 234.018 229.74 221.794 217.74
2.8 229.617 238.126 233.614 225.688 221.412
2.9 233.568 242.307 237.553 229.65 225.145
3 237.588 246.561 241.559 233.682 228.941
3.1 241.676 250.889 245.632 237.785 232.802
3.2 245.835 255.294 249.773 241.959 236.727
3.3 250.066 259.776 253.985 246.207 240.718
3.4 254.369 264.337 258.268 250.53 244.777
3.5 258.747 268.978 262.622 254.928 248.905
3.6 263.199 273.7 267.05 259.404 253.101
3.7 267.729 278.505 271.553 263.958 257.369
3.8 272.336 283.395 276.132 268.592 261.709
3.9 277.022 288.37 280.788 273.307 266.121
4 281.79 293.433 285.523 278.106 270.609
4.1 286.639 298.584 290.337 282.988 275.171
4.2 291.572 303.826 295.232 287.956 279.811
4.3 296.589 309.16 300.21 293.012 284.529
4.4 301.693 314.588 305.272 298.156 289.327
4.5 306.885 320.111 310.42 303.391 294.205
4.6 312.166 325.731 315.654 308.717 299.166
4.7 317.538 331.45 320.976 314.137 304.21
4.8 323.003 337.269 326.388 319.652 309.34
4.9 328.561 343.19 331.892 325.264 314.556
5 334.215 349.215 337.488 330.974 319.859
5.1 339.967 355.346 343.178 336.785 325.253
5.2 345.817 361.585 348.965 342.698 330.737
5.3 351.768 367.933 354.849 348.714 336.314
5.4 357.822 374.392 360.832 354.837 341.984
5.5 363.979 380.965 366.916 361.066 347.751
5.6 370.243 387.654 373.103 367.405 353.614
5.7 376.614 394.459 379.394 373.855 359.577
5.8 383.096 401.385 385.791 380.419 365.64
5.9 389.688 408.432 392.296 387.098 371.805
6 396.394 415.602 398.911 393.894 378.074
6.1 403.216 422.899 405.637 400.809 384.449
6.2 410.155 430.323 412.476 407.846 390.931
6.3 417.213 437.878 419.431 415.006 397.523
6.4 424.393 445.566 426.503 422.292 404.226
6.5 431.696 453.388 433.695 429.706 411.041
6.6 439.125 461.348 441.008 437.25 417.972
6.7 446.682 469.447 448.444 444.927 425.02
6.8 454.368 477.689 456.005 452.738 432.186
6.9 462.188 486.076 463.694 460.686 439.473
7 470.141 494.609 471.512 468.774 446.884
7.1 478.232 503.293 479.463 477.004 454.419
7.2 486.462 512.129 487.547 485.379 462.081
7.3 494.833 521.12 495.768 493.9 469.872
7.4 503.349 530.269 504.127 502.571 477.795
7.5 512.011 539.579 512.627 511.394 485.851
7.6 520.822 549.052 521.271 520.373 494.043
7.7 529.784 558.691 530.06 529.508 502.373
7.8 538.901 568.499 538.998 538.805 510.844
7.9 548.175 578.48 548.086 548.264 519.458
8 557.609 588.636 557.328 557.89 528.216
8.1 567.204 598.97 566.725 567.684 537.123
8.2 576.965 609.486 576.281 577.651 546.18
8.3 586.894 620.187 585.998 587.792 555.389
8.4 596.994 631.075 595.878 598.111 564.754
8.5 607.267 642.154 605.926 608.612 574.276
8.6 617.718 653.428 616.142 619.297 583.959
8.7 628.348 664.9 626.531 630.17 593.806
8.8 639.161 676.573 637.096 641.233 603.818
8.9 650.16 688.451 647.838 652.491 613.999
9 661.349 700.538 658.761 663.946 624.352
9.1 672.73 712.837 669.869 675.603 634.879
9.2 684.307 725.351 681.164 687.464 645.584
9.3 696.083 738.086 692.649 699.533 656.47
9.4 708.061 751.044 704.328 711.814 667.539
9.5 720.246 764.23 716.204 724.311 678.794
9.6 732.641 777.647 728.281 737.027 690.24
9.7 745.249 791.299 740.56 749.967 701.878
9.8 758.074 805.192 753.047 763.134 713.713
9.9 771.119 819.328 765.745 776.531 725.747
10 784.389 833.712 778.656 790.164 737.984
10.1 797.888 848.349 791.785 804.037 750.428
10.2 811.618 863.243 805.136 818.153 763.081
10.3 825.585 878.398 818.712 832.517 775.947
10.4 839.793 893.82 832.516 847.133 789.031
10.5 854.244 909.512 846.554 862.005 802.335
10.6 868.945 925.48 860.828 877.139 815.864
10.7 883.898 941.728 875.343 892.538 829.62
10.8 899.109 958.261 890.102 908.208 843.609
10.9 914.582 975.085 905.11 924.153 857.833
11 930.321 992.204 920.372 940.377 872.297
11.1 946.33 1009.62 935.891 956.887 887.006
11.2 962.616 1027.35 951.671 973.686 901.962
11.3 979.181 1045.38 967.717 990.781 917.17
11.4 996.032 1063.74 984.034 1008.18 932.635
11.5 1013.17 1082.41 1000.63 1025.87 948.36
11.6 1030.61 1101.42 1017.5 1043.89 964.351
11.7 1048.34 1120.75 1034.66 1062.21 980.611
11.8 1066.38 1140.43 1052.1 1080.86 997.146
11.9 1084.74 1160.45 1069.84 1099.84 1013.96
12 1103.4 1180.82 1087.88 1119.15 1031.06
12.1 1122.39 1201.56 1106.22 1138.79 1048.44
12.2 1141.71 1222.65 1124.88 1158.79 1066.12
12.3 1161.35 1244.12 1143.84 1179.13 1084.1
12.4 1181.34 1265.96 1163.13 1199.83 1102.37
12.5 1201.67 1288.18 1182.74 1220.9 1120.96
12.6 1222.35 1310.8 1202.68 1242.33 1139.86
12.7 1243.38 1333.81 1222.96 1264.14 1159.08
12.8 1264.78 1357.23 1243.58 1286.34 1178.63
12.9 1286.54 1381.06 1264.55 1308.92 1198.5
13 1308.68 1405.3 1285.87 1331.9 1218.71
13.1 1331.21 1429.98 1307.56 1355.28 1239.26
13.2 1354.11 1455.08 1329.6 1379.08 1260.15
13.3 1377.42 1480.63 1352.02 1403.29 1281.4
13.4 1401.12 1506.62 1374.82 1427.92 1303.01
13.5 1425.23 1533.07 1398 1452.99 1324.98
13.6 1449.76 1559.99 1421.57 1478.5 1347.32
13.7 1474.71 1587.37 1445.54 1504.46 1370.04
13.8 1500.08 1615.24 1469.92 1530.87 1393.14
13.9 1525.9 1643.6 1494.7 1557.75 1416.63
14 1552.16 1672.46 1519.9 1585.1 1440.51
14.1 1578.87 1701.82 1545.53 1612.93 1464.8
14.2 1606.04 1731.7 1571.59 1641.24 1489.5
14.3 1633.68 1762.1 1598.09 1670.06 1514.62
14.4 1661.79 1793.03 1625.04 1699.38 1540.15
14.5 1690.39 1824.51 1652.44 1729.21 1566.12
14.6 1719.48 1856.54 1680.3 1759.57 1592.53
14.7 1749.07 1889.14 1708.63 1790.46 1619.38
14.8 1779.17 1922.3 1737.44 1821.9 1646.69
14.9 1809.78 1956.05 1766.74 1853.88 1674.45
15 1840.93 1990.39 1796.53 1886.43 1702.69
15.1 1872.61 2025.34 1826.82 1919.55 1731.4
15.2 1904.83 2060.9 1857.62 1953.25 1760.59
15.3 1937.61 2097.08 1888.94 1987.54 1790.28
15.4 1970.96 2133.9 1920.79 2022.43 1820.46
15.5 2004.88 2171.36 1953.18 2057.94 1851.16
15.6 2039.38 2209.48 1986.11 2094.07 1882.37
15.7 2074.47 2248.27 2019.6 2130.83 1914.11
15.8 2110.17 2287.74 2053.66 2168.24 1946.39
15.9 2146.49 2327.91 2088.28 2206.31 1979.2
16 2183.42 2368.78 2123.49 2245.05 2012.58
