0.0001 0.0001
0.00180222 0.00179932
0.00316831 0.0031589
0.00447351 0.00445441
0.00572616 0.00569457
0.00694018 0.00689353
0.00812701 0.0080628
0.00929494 0.00921074
0.0104498 0.0103431
0.0115954 0.011464
0.0127347 0.012576
0.0138694 0.013681
0.0150009 0.0147804
0.01613 0.015875
0.0172574 0.0169654
0.0183835 0.0180521
0.0195086 0.0191355
0.020633 0.0202156
0.0217569 0.0212929
0.0228804 0.0223672
0.0240036 0.0234389
0.0251266 0.0245079
0.0262495 0.0255744
0.0273722 0.0266383
0.0284949 0.0276998
0.0296176 0.0287589
0.0307403 0.0298155
0.0318631 0.0308698
0.0329859 0.0319218
0.0341089 0.0329715
0.0352319 0.0340189
0.0363552 0.035064
0.0374785 0.0361069
0.0386021 0.0371476
0.0397258 0.038186
0.0408497 0.0392223
0.0419738 0.0402563
0.0430982 0.0412882
0.0442227 0.0423179
0.0453475 0.0433455
0.0464726 0.0443709
0.0475979 0.0453942
0.0487234 0.0464154
0.0498493 0.0474344
0.0509754 0.0484514
0.0521017 0.0494662
0.0532284 0.050479
0.0543553 0.0514897
0.0554825 0.0524983
0.0566101 0.0535048
0.0577379 0.0545092
0.0588661 0.0555116
0.0599945 0.056512
0.0611233 0.0575103
0.0622524 0.0585065
0.0633818 0.0595007
0.0645116 0.0604929
0.0656416 0.0614831
0.066772 0.0624712
0.0679028 0.0634574
0.0690339 0.0644415
0.0701653 0.0654236
0.0712971 0.0664037
0.0724293 0.0673818
0.0735617 0.0683579
0.0746946 0.069332
0.0758278 0.0703041
0.0769614 0.0712743
0.0780953 0.0722425
0.0792296 0.0732087
0.0803643 0.0741729
0.0814994 0.0751352
0.0826348 0.0760955
0.0837706 0.0770539
0.0849068 0.0780103
0.0860434 0.0789647
0.0871803 0.0799172
0.0883177 0.0808678
0.0894554 0.0818164
0.0905936 0.0827631
0.0917321 0.0837079
0.092871 0.0846507
0.0940104 0.0855916
0.0951501 0.0865306
0.0962902 0.0874676
0.0974308 0.0884028
0.0985717 0.089336
0.0997131 0.0902674
0.100855 0.0911968
0.101997 0.0921243
0.10314 0.09305
0.104283 0.0939737
0.105426 0.0948956
0.10657 0.0958155
0.107714 0.0967336
0.108859 0.0976498
0.110004 0.0985641
0.11115 0.0994765
0.112296 0.100387
0.113442 0.101296
0.114589 0.102203
0.115737 0.103108
0.116885 0.104011
0.118033 0.104912
0.119182 0.105811
0.120331 0.106709
0.12148 0.107604
0.12263 0.108498
0.123781 0.10939
0.124932 0.11028
0.126083 0.111169
0.127235 0.112055
0.128388 0.11294
0.12954 0.113823
0.130694 0.114704
0.131847 0.115583
0.133002 0.11646
0.134156 0.117336
0.135312 0.118209
0.136467 0.119081
0.137623 0.119951
0.13878 0.12082
0.139937 0.121686
0.141095 0.122551
0.142253 0.123414
0.143412 0.124275
0.144571 0.125134
0.14573 0.125992
0.14689 0.126847
0.148051 0.127701
0.149212 0.128553
0.150374 0.129404
0.151536 0.130252
0.152698 0.131099
0.153861 0.131944
0.155025 0.132787
0.156189 0.133629
0.157354 0.134469
0.158519 0.135307
0.159685 0.136143
0.160851 0.136977
0.162018 0.13781
0.163185 0.138641
0.164353 0.13947
0.165521 0.140298
0.16669 0.141123
0.16786 0.141947
0.16903 0.142769
0.1702 0.14359
0.171371 0.144409
0.172543 0.145226
0.173715 0.146041
0.174888 0.146854
0.176061 0.147666
0.177235 0.148476
0.178409 0.149285
0.179584 0.150091
0.180759 0.150896
0.181935 0.1517
0.183112 0.152501
0.184289 0.153301
0.185467 0.154099
0.186645 0.154895
0.187824 0.15569
0.189004 0.156483
0.190184 0.157274
0.191365 0.158064
0.192546 0.158852
0.193728 0.159638
0.19491 0.160423
0.196093 0.161206
0.197277 0.161987
0.198461 0.162766
0.199646 0.163544
0.200831 0.16432
0.202017 0.165095
0.203204 0.165867
0.204391 0.166638
0.205579 0.167408
0.206767 0.168176
0.207956 0.168942
0.209146 0.169706
0.210336 0.170469
0.211527 0.17123
0.212719 0.17199
0.213911 0.172747
0.215104 0.173504
0.216297 0.174258
0.217491 0.175011
0.218686 0.175762
0.219881 0.176512
0.221077 0.17726
0.222274 0.178006
0.223471 0.178751
0.224669 0.179494
0.225868 0.180235
0.227067 0.180975
0.228267 0.181713
0.229468 0.18245
0.230669 0.183185
0.231871 0.183918
0.233074 0.18465
0.234277 0.18538
0.235481 0.186108
0.236685 0.186835
0.237891 0.18756
0.239097 0.188284
0.240303 0.189006
0.241511 0.189726
0.242719 0.190445
0.243928 0.191162
0.245137 0.191878
0.246347 0.192592
0.247558 0.193304
0.24877 0.194015
0.249982 0.194724
0.251195 0.195432
0.252409 0.196138
0.253623 0.196842
0.254838 0.197545
0.256054 0.198247
0.257271 0.198946
0.258488 0.199644
0.259706 0.200341
0.260925 0.201036
0.262145 0.201729
0.263365 0.202421
0.264586 0.203112
0.265808 0.2038
0.26703 0.204487
0.268253 0.205173
0.269477 0.205857
0.270702 0.20654
0.271928 0.20722
0.273154 0.2079
0.274381 0.208578
0.275609 0.209254
0.276838 0.209929
0.278067 0.210602
0.279297 0.211273
0.280528 0.211943
0.28176 0.212612
0.282993 0.213279
0.284226 0.213944
0.28546 0.214608
0.286695 0.215271
0.287931 0.215931
0.289167 0.216591
0.290405 0.217249
0.291643 0.217905
0.292882 0.218559
0.294122 0.219213
0.295362 0.219864
0.296604 0.220514
0.297846 0.221163
0.299089 0.22181
0.300333 0.222456
0.301578 0.2231
0.302823 0.223742
0.30407 0.224384
0.305317 0.225023
0.306565 0.225661
0.307814 0.226298
0.309064 0.226933
0.310315 0.227566
0.311567 0.228198
0.312819 0.228829
0.314073 0.229458
0.315327 0.230085
0.316582 0.230711
0.317838 0.231336
0.319095 0.231959
0.320353 0.23258
0.321611 0.2332
0.322871 0.233819
0.324131 0.234436
0.325393 0.235052
0.326655 0.235666
0.327918 0.236278
0.329182 0.23689
0.330447 0.237499
0.331713 0.238107
0.33298 0.238714
0.334248 0.239319
0.335517 0.239923
0.336787 0.240525
0.338057 0.241126
0.339329 0.241726
0.340601 0.242324
0.341875 0.24292
0.343149 0.243515
0.344425 0.244108
0.345701 0.2447
0.346979 0.245291
0.348257 0.24588
0.349536 0.246468
0.350817 0.247054
0.352098 0.247639
0.35338 0.248222
0.354663 0.248804
0.355948 0.249384
0.357233 0.249963
0.358519 0.250541
0.359806 0.251117
0.361095 0.251691
0.362384 0.252265
0.363674 0.252836
0.364966 0.253407
0.366258 0.253975
0.367552 0.254543
0.368846 0.255109
0.370142 0.255673
0.371438 0.256236
0.372736 0.256798
0.374034 0.257358
0.375334 0.257917
0.376635 0.258474
0.377937 0.25903
0.37924 0.259585
0.380544 0.260138
0.381849 0.260689
0.383155 0.26124
0.384462 0.261788
0.385771 0.262336
0.38708 0.262882
0.388391 0.263426
0.389703 0.263969
0.391015 0.264511
0.392329 0.265051
0.393644 0.26559
0.394961 0.266128
0.396278 0.266664
0.397596 0.267198
0.398916 0.267731
0.400237 0.268263
0.401559 0.268794
0.402882 0.269323
0.404206 0.26985
0.405531 0.270376
0.406858 0.270901
0.408185 0.271424
0.409514 0.271946
0.410844 0.272467
0.412176 0.272986
0.413508 0.273504
0.414842 0.27402
0.416177 0.274535
0.417513 0.275048
0.41885 0.275561
0.420189 0.276071
0.421528 0.276581
0.422869 0.277089
0.424212 0.277595
0.425555 0.2781
0.4269 0.278604
0.428246 0.279107
0.429593 0.279608
0.430941 0.280107
0.432291 0.280605
0.433642 0.281102
0.434994 0.281598
0.436348 0.282092
0.437703 0.282584
0.439059 0.283076
0.440416 0.283565
0.441775 0.284054
0.443135 0.284541
0.444496 0.285027
0.445859 0.285511
0.447223 0.285994
0.448588 0.286476
0.449955 0.286956
0.451323 0.287435
0.452692 0.287912
0.454063 0.288388
0.455435 0.288863
0.456809 0.289337
0.458183 0.289808
0.45956 0.290279
0.460937 0.290748
0.462316 0.291216
0.463696 0.291683
0.465078 0.292148
0.466461 0.292611
0.467846 0.293074
0.469232 0.293535
0.470619 0.293994
0.472008 0.294453
0.473398 0.294909
0.47479 0.295365
0.476183 0.295819
0.477578 0.296272
0.478974 0.296723
0.480371 0.297173
0.48177 0.297622
0.483171 0.298069
0.484572 0.298515
0.485976 0.29896
0.487381 0.299403
0.488787 0.299845
0.490195 0.300285
0.491604 0.300724
0.493015 0.301162
0.494428 0.301599
0.495842 0.302034
0.497257 0.302467
0.498674 0.302899
0.500093 0.30333
0.501513 0.30376
0.502935 0.304188
0.504358 0.304615
0.505783 0.305041
0.50721 0.305465
0.508638 0.305887
0.510067 0.306309
0.511499 0.306729
0.512932 0.307148
0.514366 0.307565
0.515802 0.307981
0.51724 0.308395
0.518679 0.308809
0.52012 0.309221
0.521563 0.309631
0.523008 0.31004
0.524454 0.310448
0.525901 0.310855
0.527351 0.31126
0.528802 0.311663
0.530254 0.312066
0.531709 0.312467
0.533165 0.312866
0.534623 0.313265
0.536082 0.313662
0.537544 0.314057
0.539007 0.314452
0.540472 0.314844
0.541938 0.315236
0.543406 0.315626
0.544876 0.316015
0.546348 0.316402
0.547822 0.316788
0.549297 0.317173
0.550775 0.317556
0.552254 0.317938
0.553734 0.318319
0.555217 0.318698
0.556701 0.319076
0.558188 0.319453
0.559676 0.319828
0.561166 0.320202
0.562658 0.320574
0.564151 0.320945
0.565647 0.321315
0.567145 0.321683
0.568644 0.32205
0.570145 0.322416
0.571648 0.32278
0.573153 0.323143
0.57466 0.323505
0.576169 0.323865
0.57768 0.324224
0.579193 0.324581
0.580708 0.324938
0.582224 0.325292
0.583743 0.325646
0.585264 0.325998
0.586786 0.326348
0.588311 0.326698
0.589838 0.327045
0.591366 0.327392
0.592897 0.327737
0.59443 0.328081
0.595964 0.328423
0.597501 0.328764
0.59904 0.329104
0.600581 0.329442
0.602124 0.329779
0.603669 0.330115
0.605216 0.330449
0.606765 0.330782
0.608317 0.331113
0.60987 0.331444
0.611426 0.331772
0.612983 0.3321
0.614543 0.332425
0.616105 0.33275
0.617669 0.333073
0.619236 0.333395
0.620804 0.333715
0.622375 0.334034
0.623948 0.334352
0.625523 0.334668
0.6271 0.334983
0.62868 0.335297
0.630262 0.335609
0.631846 0.33592
0.633432 0.336229
0.635021 0.336537
0.636611 0.336843
0.638205 0.337149
0.6398 0.337452
0.641398 0.337755
0.642998 0.338056
0.6446 0.338355
0.646205 0.338654
0.647812 0.33895
0.649421 0.339246
0.651033 0.33954
0.652647 0.339832
0.654264 0.340124
0.655882 0.340413
0.657504 0.340702
0.659127 0.340989
0.660754 0.341274
0.662382 0.341559
0.664013 0.341841
0.665647 0.342123
0.667283 0.342403
0.668921 0.342681
0.670562 0.342958
0.672205 0.343234
0.673851 0.343508
0.6755 0.343781
0.677151 0.344053
0.678804 0.344323
0.68046 0.344591
0.682119 0.344859
0.68378 0.345124
0.685444 0.345389
0.68711 0.345652
0.688779 0.345913
0.690451 0.346173
0.692125 0.346432
0.693802 0.346689
0.695481 0.346945
0.697163 0.347199
0.698848 0.347452
0.700536 0.347703
0.702226 0.347953
0.703919 0.348202
0.705615 0.348449
0.707313 0.348695
0.709014 0.348939
0.710718 0.349182
0.712425 0.349423
0.714134 0.349663
0.715847 0.349902
0.717562 0.350139
0.71928 0.350374
0.721 0.350608
0.722724 0.350841
0.72445 0.351072
0.72618 0.351302
0.727912 0.35153
0.729647 0.351756
0.731385 0.351982
0.733126 0.352206
0.734869 0.352428
0.736616 0.352649
0.738366 0.352868
0.740119 0.353086
0.741874 0.353302
0.743633 0.353517
0.745395 0.353731
0.747159 0.353943
0.748927 0.354153
0.750698 0.354362
0.752472 0.35457
0.754249 0.354776
0.756029 0.35498
0.757812 0.355183
0.759598 0.355384
0.761387 0.355584
0.76318 0.355783
0.764975 0.35598
0.766774 0.356175
0.768576 0.356369
0.770382 0.356562
0.77219 0.356753
0.774002 0.356942
0.775817 0.35713
0.777635 0.357316
0.779456 0.357501
0.781281 0.357684
0.783109 0.357866
0.78494 0.358046
0.786775 0.358225
0.788613 0.358402
0.790454 0.358577
0.792299 0.358751
0.794147 0.358924
0.795999 0.359095
0.797854 0.359264
0.799712 0.359432
0.801574 0.359598
0.803439 0.359763
0.805308 0.359926
0.807181 0.360088
0.809056 0.360248
0.810936 0.360406
0.812819 0.360563
0.814705 0.360718
0.816595 0.360872
0.818489 0.361024
0.820386 0.361175
0.822287 0.361324
0.824192 0.361471
0.8261 0.361617
0.828012 0.361761
0.829928 0.361903
0.831847 0.362044
0.83377 0.362184
0.835697 0.362321
0.837627 0.362458
0.839562 0.362592
0.8415 0.362725
0.843442 0.362856
0.845388 0.362986
0.847337 0.363114
0.849291 0.36324
0.851248 0.363365
0.853209 0.363488
0.855175 0.36361
0.857144 0.36373
0.859117 0.363848
0.861094 0.363964
0.863075 0.364079
0.86506 0.364192
0.86705 0.364304
0.869043 0.364414
0.87104 0.364522
0.873042 0.364629
0.875047 0.364734
0.877057 0.364837
0.879071 0.364938
0.881089 0.365038
0.883111 0.365136
0.885137 0.365233
0.887168 0.365327
0.889203 0.365421
0.891242 0.365512
0.893286 0.365602
0.895333 0.36569
0.897385 0.365776
0.899442 0.36586
0.901503 0.365943
0.903568 0.366024
0.905638 0.366104
0.907712 0.366181
0.90979 0.366257
0.911873 0.366331
0.913961 0.366404
0.916053 0.366474
0.91815 0.366543
0.920251 0.36661
0.922357 0.366676
0.924467 0.366739
0.926582 0.366801
0.928702 0.366861
0.930826 0.366919
0.932956 0.366976
0.935089 0.367031
0.937228 0.367083
0.939372 0.367135
0.94152 0.367184
0.943673 0.367231
0.945831 0.367277
0.947993 0.367321
0.950161 0.367363
0.952334 0.367403
0.954511 0.367442
0.956694 0.367478
0.958881 0.367513
0.961074 0.367546
0.963272 0.367577
0.965474 0.367607
0.967682 0.367634
0.969895 0.36766
0.972113 0.367683
0.974336 0.367705
0.976565 0.367725
0.978799 0.367743
0.981038 0.367759
0.983282 0.367773
0.985532 0.367786
0.987786 0.367796
0.990047 0.367805
0.992313 0.367812
0.994584 0.367817
0.99686 0.367819
0.999142 0.36782
1.00143 0.367819
1.00372 0.367816
1.00602 0.367812
1.00833 0.367805
1.01064 0.367796
1.01295 0.367785
1.01527 0.367773
1.0176 0.367758
1.01993 0.367742
1.02227 0.367723
1.02462 0.367703
1.02697 0.36768
1.02932 0.367656
1.03169 0.367629
1.03405 0.367601
1.03643 0.36757
1.03881 0.367538
1.04119 0.367503
1.04359 0.367466
1.04598 0.367428
1.04839 0.367387
1.0508 0.367345
1.05322 0.3673
1.05564 0.367253
1.05807 0.367204
1.0605 0.367153
1.06295 0.3671
1.06539 0.367045
1.06785 0.366988
1.07031 0.366929
1.07278 0.366868
1.07525 0.366804
1.07773 0.366739
1.08022 0.366671
1.08272 0.366601
1.08522 0.366529
1.08772 0.366455
1.09024 0.366379
1.09276 0.366301
1.09529 0.36622
1.09782 0.366137
1.10036 0.366053
1.10291 0.365966
1.10547 0.365876
1.10803 0.365785
1.1106 0.365691
1.11318 0.365595
1.11576 0.365497
1.11835 0.365397
1.12095 0.365295
1.12356 0.36519
1.12617 0.365083
1.12879 0.364974
1.13142 0.364863
1.13406 0.364749
1.1367 0.364633
1.13935 0.364515
1.14201 0.364394
1.14468 0.364271
1.14735 0.364146
1.15003 0.364019
1.15272 0.363889
1.15542 0.363757
1.15812 0.363622
1.16084 0.363485
1.16356 0.363346
1.16629 0.363205
1.16903 0.363061
1.17177 0.362915
1.17453 0.362766
1.17729 0.362615
1.18006 0.362462
1.18284 0.362306
1.18562 0.362148
1.18842 0.361987
1.19122 0.361824
1.19404 0.361658
1.19686 0.36149
1.19969 0.36132
1.20253 0.361147
1.20537 0.360972
1.20823 0.360794
1.2111 0.360613
1.21397 0.36043
1.21686 0.360245
1.21975 0.360057
1.22265 0.359866
1.22556 0.359673
1.22848 0.359478
1.23141 0.35928
1.23435 0.359079
1.2373 0.358875
1.24026 0.35867
1.24323 0.358461
1.24621 0.35825
1.24919 0.358036
1.25219 0.35782
1.2552 0.3576
1.25822 0.357379
1.26124 0.357154
1.26428 0.356927
1.26733 0.356697
1.27039 0.356465
1.27346 0.35623
1.27653 0.355992
1.27962 0.355751
1.28272 0.355508
1.28583 0.355261
1.28896 0.355012
1.29209 0.354761
1.29523 0.354506
1.29839 0.354249
1.30155 0.353989
1.30473 0.353726
1.30791 0.35346
1.31111 0.353191
1.31432 0.352919
1.31754 0.352645
1.32078 0.352367
1.32402 0.352087
1.32728 0.351804
1.33055 0.351518
1.33383 0.351229
1.33712 0.350937
1.34043 0.350642
1.34374 0.350343
1.34707 0.350042
1.35041 0.349738
1.35377 0.349431
1.35713 0.349121
1.36051 0.348808
1.36391 0.348492
1.36731 0.348172
1.37073 0.34785
1.37416 0.347524
1.37761 0.347195
1.38106 0.346863
1.38454 0.346528
1.38802 0.34619
1.39152 0.345849
1.39503 0.345504
1.39856 0.345156
1.4021 0.344805
1.40566 0.34445
1.40922 0.344093
1.41281 0.343732
1.41641 0.343367
1.42002 0.343
1.42365 0.342629
1.42729 0.342254
1.43095 0.341876
1.43462 0.341495
1.43831 0.341111
1.44201 0.340723
1.44573 0.340331
1.44947 0.339936
1.45322 0.339537
1.45699 0.339135
1.46077 0.33873
1.46457 0.338321
1.46838 0.337908
1.47222 0.337492
1.47607 0.337072
1.47993 0.336648
1.48382 0.336221
1.48772 0.33579
1.49164 0.335355
1.49558 0.334917
1.49953 0.334474
1.5035 0.334028
1.50749 0.333579
1.5115 0.333125
1.51553 0.332668
1.51957 0.332206
1.52364 0.331741
1.52772 0.331272
1.53183 0.330799
1.53595 0.330322
1.54009 0.329841
1.54426 0.329356
1.54844 0.328867
1.55264 0.328373
1.55687 0.327876
1.56111 0.327375
1.56538 0.326869
1.56966 0.326359
1.57397 0.325845
1.5783 0.325327
1.58265 0.324804
1.58703 0.324278
1.59142 0.323746
1.59584 0.323211
1.60029 0.322671
1.60475 0.322126
1.60924 0.321578
1.61375 0.321024
1.61829 0.320466
1.62285 0.319904
1.62744 0.319337
1.63205 0.318765
1.63668 0.318189
1.64134 0.317608
1.64603 0.317022
1.65074 0.316431
1.65548 0.315836
1.66025 0.315236
1.66504 0.314631
1.66986 0.314021
1.67471 0.313405
1.67959 0.312785
1.68449 0.31216
1.68942 0.31153
1.69439 0.310895
1.69938 0.310254
1.7044 0.309608
1.70945 0.308957
1.71453 0.308301
1.71965 0.307639
1.72479 0.306972
1.72997 0.3063
1.73518 0.305621
1.74042 0.304938
1.7457 0.304248
1.75101 0.303553
1.75635 0.302853
1.76173 0.302146
1.76715 0.301434
1.77259 0.300716
1.77808 0.299992
1.7836 0.299262
1.78916 0.298526
1.79476 0.297783
1.8004 0.297035
1.80607 0.29628
1.81178 0.295519
1.81754 0.294752
1.82333 0.293978
1.82917 0.293198
1.83505 0.292411
1.84097 0.291618
1.84693 0.290817
1.85294 0.29001
1.85899 0.289197
1.86509 0.288376
1.87123 0.287548
1.87742 0.286713
1.88366 0.285871
1.88995 0.285022
1.89628 0.284166
1.90267 0.283302
1.90911 0.28243
1.91559 0.281551
1.92214 0.280665
1.92873 0.27977
1.93538 0.278868
1.94208 0.277958
1.94884 0.27704
1.95566 0.276113
1.96253 0.275179
1.96947 0.274236
1.97646 0.273285
1.98352 0.272325
1.99064 0.271357
1.99782 0.270379
2.00507 0.269393
2.01238 0.268398
2.01976 0.267394
2.02721 0.266381
2.03473 0.265359
2.04232 0.264327
2.04998 0.263285
2.05771 0.262234
2.06552 0.261173
2.07341 0.260103
2.08137 0.259022
2.08941 0.257931
2.09754 0.25683
2.10574 0.255719
2.11403 0.254597
2.12241 0.253464
2.13087 0.252321
2.13942 0.251167
2.14806 0.250002
2.15679 0.248826
2.16561 0.247638
2.17453 0.24644
2.18355 0.24523
2.19266 0.244008
2.20188 0.242775
2.21119 0.24153
2.22061 0.240274
2.23014 0.239005
2.23977 0.237725
2.2495 0.236433
2.25935 0.235128
2.26931 0.233812
2.27938 0.232483
2.28957 0.231143
2.29987 0.22979
2.31028 0.228425
2.32081 0.227048
2.33147 0.225659
2.34224 0.224259
2.35313 0.222846
2.36414 0.221422
2.37527 0.219987
2.38652 0.21854
2.39789 0.217082
2.40939 0.215614
2.421 0.214135
2.43273 0.212646
2.44458 0.211148
2.45655 0.20964
2.46863 0.208123
2.48082 0.206598
2.49312 0.205065
2.50554 0.203524
2.51805 0.201978
2.53067 0.200425
2.54339 0.198866
2.5562 0.197303
2.56911 0.195736
2.58209 0.194166
2.59517 0.192593
2.60832 0.191018
2.62154 0.189442
2.63483 0.187866
2.64818 0.186291
2.6616 0.184717
2.67506 0.183144
2.68858 0.181575
2.70213 0.180009
2.71573 0.178447
2.72936 0.176889
2.74303 0.175337
2.75671 0.173791
2.77043 0.172251
2.78415 0.170718
2.7979 0.169193
2.81165 0.167675
2.82542 0.166166
2.83919 0.164665
2.85296 0.163173
2.86673 0.16169
2.8805 0.160216
2.89427 0.158752
2.90803 0.157298
2.92179 0.155854
2.93554 0.15442
2.94928 0.152996
2.96301 0.151582
2.97673 0.150179
2.99043 0.148786
3.00413 0.147403
3.01781 0.146031
3.03149 0.144669
3.04515 0.143318
3.0588 0.141977
3.07243 0.140646
3.08606 0.139325
3.09967 0.138015
3.11327 0.136714
3.12686 0.135424
3.14045 0.134143
3.15402 0.132873
3.16758 0.131612
3.18114 0.130361
3.19469 0.129119
3.20823 0.127887
3.22176 0.126664
3.23529 0.12545
3.24881 0.124245
3.26233 0.12305
3.27585 0.121863
3.28937 0.120686
3.30288 0.119517
3.3164 0.118356
3.32991 0.117204
3.34343 0.116061
3.35694 0.114926
3.37046 0.113799
3.38399 0.11268
3.39752 0.111569
3.41106 0.110466
3.4246 0.109371
3.43815 0.108283
3.45171 0.107204
3.46528 0.106131
3.47885 0.105066
3.49244 0.104009
3.50605 0.102958
3.51966 0.101915
3.53329 0.100879
3.54694 0.0998497
3.5606 0.0988274
3.57428 0.0978119
3.58797 0.0968031
3.60169 0.0958009
3.61542 0.0948054
3.62918 0.0938163
3.64295 0.0928336
3.65675 0.0918572
3.67057 0.0908871
3.68442 0.0899232
3.69829 0.0889654
3.71219 0.0880137
3.72612 0.0870679
3.74007 0.086128
3.75405 0.085194
3.76807 0.0842658
3.78211 0.0833432
3.79619 0.0824263
3.8103 0.081515
3.82444 0.0806092
3.83862 0.0797088
3.85283 0.0788138
3.86708 0.0779242
3.88137 0.0770399
3.8957 0.0761607
3.91007 0.0752868
3.92448 0.0744179
3.93893 0.0735541
3.95342 0.0726953
3.96796 0.0718414
3.98255 0.0709924
3.99718 0.0701483
4.01186 0.0693089
4.02658 0.0684743
4.04136 0.0676443
4.05618 0.066819
4.07106 0.0659982
4.08599 0.065182
4.10098 0.0643702
4.11602 0.0635629
4.13112 0.06276
4.14627 0.0619614
4.16149 0.061167
4.17676 0.0603769
4.1921 0.059591
4.2075 0.0588093
4.22296 0.0580316
4.23849 0.057258
4.25408 0.0564883
4.26974 0.0557227
4.28547 0.0549609
4.30128 0.054203
4.31715 0.0534489
4.3331 0.0526986
4.34912 0.051952
4.36522 0.051209
4.3814 0.0504697
4.39765 0.049734
4.41399 0.0490018
4.43041 0.0482731
4.44692 0.0475478
4.46351 0.046826
4.48018 0.0461074
4.49695 0.0453922
4.51381 0.0446802
4.53076 0.0439714
4.5478 0.0432658
4.56495 0.0425632
4.58219 0.0418637
4.59952 0.0411672
4.61697 0.0404736
4.63451 0.039783
4.65216 0.0390952
4.66992 0.0384101
4.68779 0.0377278
4.70577 0.0370482
4.72387 0.0363712
4.74208 0.0356967
4.76041 0.0350248
4.77886 0.0343553
4.79743 0.0336882
4.81613 0.0330234
4.83496 0.0323609
4.85391 0.0317006
4.873 0.0310424
4.89223 0.0303863
4.91159 0.0297322
4.93109 0.02908
4.95073 0.0284297
4.97052 0.0277812
4.99046 0.0271344
5.01055 0.0264893
5.03079 0.0258457
5.05118 0.0252037
5.07173 0.024563
5.09245 0.0239237
5.11332 0.0232857
5.13436 0.0226488
5.15557 0.022013
5.17695 0.0213783
5.19851 0.0207444
5.22024 0.0201114
5.24214 0.0194792
5.26423 0.0188476
5.28649 0.0182166
5.30894 0.0175861
5.33157 0.0169559
5.35439 0.0163261
5.3774 0.0156965
5.40059 0.0150671
5.42397 0.0144377
5.44754 0.0138083
5.4713 0.0131788
5.49524 0.0125491
5.51936 0.0119192
5.54367 0.011289
5.56816 0.0106584
5.59283 0.0100274
5.61766 0.009396
5.64266 0.0087641
5.66783 0.00813169
5.69315 0.00749878
5.71861 0.00686536
5.74421 0.00623143
5.76994 0.00559704
5.79578 0.00496222
5.82173 0.00432701
5.84777 0.0036915
5.87389 0.00305575
5.90006 0.00241987
5.92629 0.00178396
5.95254 0.00114813
5.97881 0.000512514
6 6.89646e-10
