-1.000000e+01 -1.000000e+00 7.069293e+08 nan
-9.990000e+00 -1.000000e+00 2.821759e-05 nan
-9.980000e+00 -1.000000e+00 1.445145e-05 nan
-9.970000e+00 -1.000000e+00 9.871447e-06 nan
-9.960000e+00 -1.000000e+00 7.588250e-06 nan
-9.950000e+00 -1.000000e+00 6.224010e-06 nan
-9.940000e+00 -1.000000e+00 5.319456e-06 nan
-9.930000e+00 -1.000000e+00 4.677764e-06 nan
-9.920000e+00 -1.000000e+00 4.200533e-06 nan
-9.910000e+00 -1.000000e+00 3.833102e-06 nan
-9.900000e+00 -1.000000e+00 3.542685e-06 nan
-9.890000e+00 -1.000000e+00 3.308422e-06 nan
-9.880000e+00 -1.000000e+00 3.116418e-06 nan
-9.870000e+00 -1.000000e+00 2.957058e-06 nan
-9.860000e+00 -1.000000e+00 2.823481e-06 nan
-9.850000e+00 -1.000000e+00 2.710665e-06 nan
-9.840000e+00 -1.000000e+00 2.614849e-06 nan
-9.830000e+00 -1.000000e+00 2.533164e-06 nan
-9.820000e+00 -1.000000e+00 2.463387e-06 nan
-9.810000e+00 -1.000000e+00 2.403769e-06 nan
-9.800000e+00 -1.000000e+00 2.352919e-06 nan
-9.790000e+00 -1.000000e+00 2.309718e-06 nan
-9.780000e+00 -1.000000e+00 2.273259e-06 nan
-9.770000e+00 -1.000000e+00 2.242800e-06 nan
-9.760000e+00 -1.000000e+00 2.217731e-06 nan
-9.750000e+00 -1.000000e+00 2.197547e-06 nan
-9.740000e+00 -1.000000e+00 2.181832e-06 nan
-9.730000e+00 -1.000000e+00 2.170237e-06 nan
-9.720000e+00 -1.000000e+00 2.162474e-06 nan
-9.710000e+00 -1.000000e+00 2.158305e-06 nan
-9.700000e+00 -1.000000e+00 2.157532e-06 nan
-9.690000e+00 -1.000000e+00 2.159995e-06 nan
-9.680000e+00 -1.000000e+00 2.165563e-06 nan
-9.670000e+00 -1.000000e+00 2.174133e-06 nan
-9.660000e+00 -1.000000e+00 2.185625e-06 nan
-9.650000e+00 -1.000000e+00 2.199984e-06 nan
-9.640000e+00 -1.000000e+00 2.217171e-06 nan
-9.630000e+00 -1.000000e+00 2.237165e-06 nan
-9.620000e+00 -1.000000e+00 2.259966e-06 nan
-9.610000e+00 -1.000000e+00 2.285584e-06 nan
-9.600000e+00 -1.000000e+00 2.314049e-06 nan
-9.590000e+00 -1.000000e+00 2.345404e-06 nan
-9.580000e+00 -1.000000e+00 2.379707e-06 nan
-9.570000e+00 -1.000000e+00 2.417029e-06 nan
-9.560000e+00 -1.000000e+00 2.457457e-06 nan
-9.550000e+00 -1.000000e+00 2.501095e-06 nan
-9.540000e+00 -1.000000e+00 2.548059e-06 nan
-9.530000e+00 -1.000000e+00 2.598484e-06 nan
-9.520000e+00 -1.000000e+00 2.652521e-06 nan
-9.510000e+00 -1.000000e+00 2.710339e-06 nan
-9.500000e+00 -1.000000e+00 2.772128e-06 nan
-9.490000e+00 -1.000000e+00 2.838097e-06 nan
-9.480000e+00 -1.000000e+00 2.908480e-06 nan
-9.470000e+00 -1.000000e+00 2.983533e-06 nan
-9.460000e+00 -1.000000e+00 3.063542e-06 nan
-9.450000e+00 -1.000000e+00 3.148821e-06 nan
-9.440000e+00 -1.000000e+00 3.239719e-06 nan
-9.430000e+00 -1.000000e+00 3.336619e-06 nan
-9.420000e+00 -1.000000e+00 3.439946e-06 nan
-9.410000e+00 -1.000000e+00 3.550170e-06 nan
-9.400000e+00 -1.000000e+00 3.667814e-06 nan
-9.390000e+00 -1.000000e+00 3.793456e-06 nan
-9.380000e+00 -1.000000e+00 3.927740e-06 nan
-9.370000e+00 -1.000000e+00 4.071382e-06 nan
-9.360000e+00 -1.000000e+00 4.225185e-06 nan
-9.350000e+00 -1.000000e+00 4.390044e-06 nan
-9.340000e+00 -1.000000e+00 4.566964e-06 nan
-9.330000e+00 -1.000000e+00 4.757079e-06 nan
-9.320000e+00 -1.000000e+00 4.961665e-06 nan
-9.310000e+00 -1.000000e+00 5.182168e-06 nan
-9.300000e+00 -1.000000e+00 5.420234e-06 nan
-9.290000e+00 -1.000000e+00 5.677738e-06 nan
-9.280000e+00 -1.000000e+00 5.956827e-06 nan
-9.270000e+00 -1.000000e+00 6.259975e-06 nan
-9.260000e+00 -1.000000e+00 6.590038e-06 nan
-9.250000e+00 -1.000000e+00 6.950338e-06 nan
-9.240000e+00 -1.000000e+00 7.344755e-06 nan
-9.230000e+00 -1.000000e+00 7.777851e-06 nan
-9.220000e+00 -1.000000e+00 8.255024e-06 nan
-9.210000e+00 -1.000000e+00 8.782709e-06 nan
-9.200000e+00 -1.000000e+00 9.368634e-06 nan
-9.190000e+00 -1.000000e+00 1.002217e-05 nan
-9.180000e+00 -1.000000e+00 1.075476e-05 nan
-9.170000e+00 -1.000000e+00 1.158059e-05 nan
-9.160000e+00 -1.000000e+00 1.251736e-05 nan
-9.150000e+00 -1.000000e+00 1.358753e-05 nan
-9.140000e+00 -1.000000e+00 1.481998e-05 nan
-9.130000e+00 -1.000000e+00 1.625250e-05 nan
-9.120000e+00 -1.000000e+00 1.793551e-05 nan
-9.110000e+00 -1.000000e+00 1.993775e-05 nan
-9.100000e+00 -1.000000e+00 2.235551e-05 nan
-9.090000e+00 -1.000000e+00 2.532789e-05 nan
-9.080000e+00 -1.000000e+00 2.906358e-05 nan
-9.070000e+00 -1.000000e+00 3.389056e-05 nan
-9.060000e+00 -1.000000e+00 4.035553e-05 nan
-9.050000e+00 -1.000000e+00 4.944259e-05 nan
-9.040000e+00 -1.000000e+00 6.312002e-05 nan
-9.030000e+00 -1.000000e+00 8.598063e-05 nan
-9.020000e+00 -1.000000e+00 1.318030e-04 nan
-9.010000e+00 -1.000000e+00 2.694802e-04 nan
-9.000000e+00 -1.000000e+00 1.303836e+08 nan
-8.990000e+00 -1.000000e+00 -2.818937e-04 nan
-8.980000e+00 -1.000000e+00 -1.442255e-04 nan
-8.970000e+00 -1.000000e+00 -9.841833e-05 nan
-8.960000e+00 -1.000000e+00 -7.557897e-05 nan
-8.950000e+00 -1.000000e+00 -6.192890e-05 nan
-8.940000e+00 -1.000000e+00 -5.287539e-05 nan
-8.930000e+00 -1.000000e+00 -4.645020e-05 nan
-8.920000e+00 -1.000000e+00 -4.166928e-05 nan
-8.910000e+00 -1.000000e+00 -3.798604e-05 nan
-8.900000e+00 -1.000000e+00 -3.507258e-05 nan
-8.890000e+00 -1.000000e+00 -3.272030e-05 nan
-8.880000e+00 -1.000000e+00 -3.079021e-05 nan
-8.870000e+00 -1.000000e+00 -2.918616e-05 nan
-8.860000e+00 -1.000000e+00 -2.783952e-05 nan
-8.850000e+00 -1.000000e+00 -2.670005e-05 nan
-8.840000e+00 -1.000000e+00 -2.573011e-05 nan
-8.830000e+00 -1.000000e+00 -2.490100e-05 nan
-8.820000e+00 -1.000000e+00 -2.419046e-05 nan
-8.810000e+00 -1.000000e+00 -2.358097e-05 nan
-8.800000e+00 -1.000000e+00 -2.305860e-05 nan
-8.790000e+00 -1.000000e+00 -2.261214e-05 nan
-8.780000e+00 -1.000000e+00 -2.223247e-05 nan
-8.770000e+00 -1.000000e+00 -2.191215e-05 nan
-8.760000e+00 -1.000000e+00 -2.164505e-05 nan
-8.750000e+00 -1.000000e+00 -2.142608e-05 nan
-8.740000e+00 -1.000000e+00 -2.125104e-05 nan
-8.730000e+00 -1.000000e+00 -2.111640e-05 nan
-8.720000e+00 -1.000000e+00 -2.101925e-05 nan
-8.710000e+00 -1.000000e+00 -2.095714e-05 nan
-8.700000e+00 -1.000000e+00 -2.092807e-05 nan
-8.690000e+00 -1.000000e+00 -2.093035e-05 nan
-8.680000e+00 -1.000000e+00 -2.096265e-05 nan
-8.670000e+00 -1.000000e+00 -2.102386e-05 nan
-8.660000e+00 -1.000000e+00 -2.111314e-05 nan
-8.650000e+00 -1.000000e+00 -2.122985e-05 nan
-8.640000e+00 -1.000000e+00 -2.137352e-05 nan
-8.630000e+00 -1.000000e+00 -2.154390e-05 nan
-8.620000e+00 -1.000000e+00 -2.174087e-05 nan
-8.610000e+00 -1.000000e+00 -2.196446e-05 nan
-8.600000e+00 -1.000000e+00 -2.221487e-05 nan
-8.590000e+00 -1.000000e+00 -2.249243e-05 nan
-8.580000e+00 -1.000000e+00 -2.279759e-05 nan
-8.570000e+00 -1.000000e+00 -2.313096e-05 nan
-8.560000e+00 -1.000000e+00 -2.349329e-05 nan
-8.550000e+00 -1.000000e+00 -2.388546e-05 nan
-8.540000e+00 -1.000000e+00 -2.430848e-05 nan
-8.530000e+00 -1.000000e+00 -2.476355e-05 nan
-8.520000e+00 -1.000000e+00 -2.525200e-05 nan
-8.510000e+00 -1.000000e+00 -2.577533e-05 nan
-8.500000e+00 -1.000000e+00 -2.633522e-05 nan
-8.490000e+00 -1.000000e+00 -2.693354e-05 nan
-8.480000e+00 -1.000000e+00 -2.757239e-05 nan
-8.470000e+00 -1.000000e+00 -2.825406e-05 nan
-8.460000e+00 -1.000000e+00 -2.898111e-05 nan
-8.450000e+00 -1.000000e+00 -2.975636e-05 nan
-8.440000e+00 -1.000000e+00 -3.058295e-05 nan
-8.430000e+00 -1.000000e+00 -3.146431e-05 nan
-8.420000e+00 -1.000000e+00 -3.240429e-05 nan
-8.410000e+00 -1.000000e+00 -3.340710e-05 nan
-8.400000e+00 -1.000000e+00 -3.447745e-05 nan
-8.390000e+00 -1.000000e+00 -3.562055e-05 nan
-8.380000e+00 -1.000000e+00 -3.684220e-05 nan
-8.370000e+00 -1.000000e+00 -3.814885e-05 nan
-8.360000e+00 -1.000000e+00 -3.954773e-05 nan
-8.350000e+00 -1.000000e+00 -4.104691e-05 nan
-8.340000e+00 -1.000000e+00 -4.265545e-05 nan
-8.330000e+00 -1.000000e+00 -4.438355e-05 nan
-8.320000e+00 -1.000000e+00 -4.624271e-05 nan
-8.310000e+00 -1.000000e+00 -4.824599e-05 nan
-8.300000e+00 -1.000000e+00 -5.040818e-05 nan
-8.290000e+00 -1.000000e+00 -5.274618e-05 nan
-8.280000e+00 -1.000000e+00 -5.527936e-05 nan
-8.270000e+00 -1.000000e+00 -5.802997e-05 nan
-8.260000e+00 -1.000000e+00 -6.102376e-05 nan
-8.250000e+00 -1.000000e+00 -6.429063e-05 nan
-8.240000e+00 -1.000000e+00 -6.786554e-05 nan
-8.230000e+00 -1.000000e+00 -7.178957e-05 nan
-8.220000e+00 -1.000000e+00 -7.611132e-05 nan
-8.210000e+00 -1.000000e+00 -8.088875e-05 nan
-8.200000e+00 -1.000000e+00 -8.619143e-05 nan
-8.190000e+00 -1.000000e+00 -9.210371e-05 nan
-8.180000e+00 -1.000000e+00 -9.872873e-05 nan
-8.170000e+00 -1.000000e+00 -1.061940e-04 nan
-8.160000e+00 -1.000000e+00 -1.146590e-04 nan
-8.150000e+00 -1.000000e+00 -1.243259e-04 nan
-8.140000e+00 -1.000000e+00 -1.354546e-04 nan
-8.130000e+00 -1.000000e+00 -1.483854e-04 nan
-8.120000e+00 -1.000000e+00 -1.635719e-04 nan
-8.110000e+00 -1.000000e+00 -1.816329e-04 nan
-8.100000e+00 -1.000000e+00 -2.034351e-04 nan
-8.090000e+00 -1.000000e+00 -2.302305e-04 nan
-8.080000e+00 -1.000000e+00 -2.638973e-04 nan
-8.070000e+00 -1.000000e+00 -3.073874e-04 nan
-8.060000e+00 -1.000000e+00 -3.656211e-04 nan
-8.050000e+00 -1.000000e+00 -4.474554e-04 nan
-8.040000e+00 -1.000000e+00 -5.706050e-04 nan
-8.030000e+00 -1.000000e+00 -7.764051e-04 nan
-8.020000e+00 -1.000000e+00 -1.188863e-03 nan
-8.010000e+00 -1.000000e+00 -2.428017e-03 nan
-8.000000e+00 -1.000000e+00 -5.813648e+08 nan
-7.990000e+00 -1.000000e+00 2.534224e-03 nan
-7.980000e+00 -1.000000e+00 1.295145e-03 nan
-7.970000e+00 -1.000000e+00 8.828124e-04 nan
-7.960000e+00 -1.000000e+00 6.771875e-04 nan
-7.950000e+00 -1.000000e+00 5.542637e-04 nan
-7.940000e+00 -1.000000e+00 4.727060e-04 nan
-7.930000e+00 -1.000000e+00 4.148003e-04 nan
-7.920000e+00 -1.000000e+00 3.716900e-04 nan
-7.910000e+00 -1.000000e+00 3.384556e-04 nan
-7.900000e+00 -1.000000e+00 3.121459e-04 nan
-7.890000e+00 -1.000000e+00 2.908834e-04 nan
-7.880000e+00 -1.000000e+00 2.734171e-04 nan
-7.870000e+00 -1.000000e+00 2.588812e-04 nan
-7.860000e+00 -1.000000e+00 2.466582e-04 nan
-7.850000e+00 -1.000000e+00 2.362955e-04 nan
-7.840000e+00 -1.000000e+00 2.274542e-04 nan
-7.830000e+00 -1.000000e+00 2.198758e-04 nan
-7.820000e+00 -1.000000e+00 2.133598e-04 nan
-7.810000e+00 -1.000000e+00 2.077483e-04 nan
-7.800000e+00 -1.000000e+00 2.029157e-04 nan
-7.790000e+00 -1.000000e+00 1.987607e-04 nan
-7.780000e+00 -1.000000e+00 1.952011e-04 nan
-7.770000e+00 -1.000000e+00 1.921696e-04 nan
-7.760000e+00 -1.000000e+00 1.896106e-04 nan
-7.750000e+00 -1.000000e+00 1.874782e-04 nan
-7.740000e+00 -1.000000e+00 1.857341e-04 nan
-7.730000e+00 -1.000000e+00 1.843462e-04 nan
-7.720000e+00 -1.000000e+00 1.832878e-04 nan
-7.710000e+00 -1.000000e+00 1.825367e-04 nan
-7.700000e+00 -1.000000e+00 1.820742e-04 nan
-7.690000e+00 -1.000000e+00 1.818848e-04 nan
-7.680000e+00 -1.000000e+00 1.819558e-04 nan
-7.670000e+00 -1.000000e+00 1.822769e-04 nan
-7.660000e+00 -1.000000e+00 1.828398e-04 nan
-7.650000e+00 -1.000000e+00 1.836382e-04 nan
-7.640000e+00 -1.000000e+00 1.846673e-04 nan
-7.630000e+00 -1.000000e+00 1.859239e-04 nan
-7.620000e+00 -1.000000e+00 1.874063e-04 nan
-7.610000e+00 -1.000000e+00 1.891140e-04 nan
-7.600000e+00 -1.000000e+00 1.910479e-04 nan
-7.590000e+00 -1.000000e+00 1.932099e-04 nan
-7.580000e+00 -1.000000e+00 1.956033e-04 nan
-7.570000e+00 -1.000000e+00 1.982324e-04 nan
-7.560000e+00 -1.000000e+00 2.011026e-04 nan
-7.550000e+00 -1.000000e+00 2.042206e-04 nan
-7.540000e+00 -1.000000e+00 2.075944e-04 nan
-7.530000e+00 -1.000000e+00 2.112331e-04 nan
-7.520000e+00 -1.000000e+00 2.151470e-04 nan
-7.510000e+00 -1.000000e+00 2.193480e-04 nan
-7.500000e+00 -1.000000e+00 2.238493e-04 nan
-7.490000e+00 -1.000000e+00 2.286658e-04 nan
-7.480000e+00 -1.000000e+00 2.338138e-04 nan
-7.470000e+00 -1.000000e+00 2.393119e-04 nan
-7.460000e+00 -1.000000e+00 2.451802e-04 nan
-7.450000e+00 -1.000000e+00 2.514413e-04 nan
-7.440000e+00 -1.000000e+00 2.581201e-04 nan
-7.430000e+00 -1.000000e+00 2.652442e-04 nan
-7.420000e+00 -1.000000e+00 2.728441e-04 nan
-7.410000e+00 -1.000000e+00 2.809537e-04 nan
-7.400000e+00 -1.000000e+00 2.896106e-04 nan
-7.390000e+00 -1.000000e+00 2.988564e-04 nan
-7.380000e+00 -1.000000e+00 3.087376e-04 nan
-7.370000e+00 -1.000000e+00 3.193059e-04 nan
-7.360000e+00 -1.000000e+00 3.306190e-04 nan
-7.350000e+00 -1.000000e+00 3.427417e-04 nan
-7.340000e+00 -1.000000e+00 3.557464e-04 nan
-7.330000e+00 -1.000000e+00 3.697149e-04 nan
-7.320000e+00 -1.000000e+00 3.847394e-04 nan
-7.310000e+00 -1.000000e+00 4.009242e-04 nan
-7.300000e+00 -1.000000e+00 4.183879e-04 nan
-7.290000e+00 -1.000000e+00 4.372659e-04 nan
-7.280000e+00 -1.000000e+00 4.577131e-04 nan
-7.270000e+00 -1.000000e+00 4.799078e-04 nan
-7.260000e+00 -1.000000e+00 5.040562e-04 nan
-7.250000e+00 -1.000000e+00 5.303977e-04 nan
-7.240000e+00 -1.000000e+00 5.592121e-04 nan
-7.230000e+00 -1.000000e+00 5.908281e-04 nan
-7.220000e+00 -1.000000e+00 6.256351e-04 nan
-7.210000e+00 -1.000000e+00 6.640966e-04 nan
-7.200000e+00 -1.000000e+00 7.067698e-04 nan
-7.190000e+00 -1.000000e+00 7.543294e-04 nan
-7.180000e+00 -1.000000e+00 8.076010e-04 nan
-7.170000e+00 -1.000000e+00 8.676049e-04 nan
-7.160000e+00 -1.000000e+00 9.356174e-04 nan
-7.150000e+00 -1.000000e+00 1.013256e-03 nan
-7.140000e+00 -1.000000e+00 1.102600e-03 nan
-7.130000e+00 -1.000000e+00 1.206373e-03 nan
-7.120000e+00 -1.000000e+00 1.328203e-03 nan
-7.110000e+00 -1.000000e+00 1.473043e-03 nan
-7.100000e+00 -1.000000e+00 1.647824e-03 nan
-7.090000e+00 -1.000000e+00 1.862565e-03 nan
-7.080000e+00 -1.000000e+00 2.132290e-03 nan
-7.070000e+00 -1.000000e+00 2.480616e-03 nan
-7.060000e+00 -1.000000e+00 2.946906e-03 nan
-7.050000e+00 -1.000000e+00 3.602016e-03 nan
-7.040000e+00 -1.000000e+00 4.587664e-03 nan
-7.030000e+00 -1.000000e+00 6.234533e-03 nan
-7.020000e+00 -1.000000e+00 9.534679e-03 nan
-7.010000e+00 -1.000000e+00 1.944841e-02 nan
-7.000000e+00 -1.000000e+00 3.091197e+09 nan
-6.990000e+00 -1.000000e+00 -2.024845e-02 nan
-6.980000e+00 -1.000000e+00 -1.033526e-02 nan
-6.970000e+00 -1.000000e+00 -7.036015e-03 nan
-6.960000e+00 -1.000000e+00 -5.390413e-03 nan
-6.950000e+00 -1.000000e+00 -4.406396e-03 nan
-6.940000e+00 -1.000000e+00 -3.753286e-03 nan
-6.930000e+00 -1.000000e+00 -3.289366e-03 nan
-6.920000e+00 -1.000000e+00 -2.943785e-03 nan
-6.910000e+00 -1.000000e+00 -2.677184e-03 nan
-6.900000e+00 -1.000000e+00 -2.465953e-03 nan
-6.890000e+00 -1.000000e+00 -2.295070e-03 nan
-6.880000e+00 -1.000000e+00 -2.154527e-03 nan
-6.870000e+00 -1.000000e+00 -2.037395e-03 nan
-6.860000e+00 -1.000000e+00 -1.938733e-03 nan
-6.850000e+00 -1.000000e+00 -1.854919e-03 nan
-6.840000e+00 -1.000000e+00 -1.783241e-03 nan
-6.830000e+00 -1.000000e+00 -1.721628e-03 nan
-6.820000e+00 -1.000000e+00 -1.668474e-03 nan
-6.810000e+00 -1.000000e+00 -1.622515e-03 nan
-6.800000e+00 -1.000000e+00 -1.582742e-03 nan
-6.790000e+00 -1.000000e+00 -1.548346e-03 nan
-6.780000e+00 -1.000000e+00 -1.518665e-03 nan
-6.770000e+00 -1.000000e+00 -1.493158e-03 nan
-6.760000e+00 -1.000000e+00 -1.471379e-03 nan
-6.750000e+00 -1.000000e+00 -1.452956e-03 nan
-6.740000e+00 -1.000000e+00 -1.437582e-03 nan
-6.730000e+00 -1.000000e+00 -1.424996e-03 nan
-6.720000e+00 -1.000000e+00 -1.414982e-03 nan
-6.710000e+00 -1.000000e+00 -1.407358e-03 nan
-6.700000e+00 -1.000000e+00 -1.401971e-03 nan
-6.690000e+00 -1.000000e+00 -1.398694e-03 nan
-6.680000e+00 -1.000000e+00 -1.397420e-03 nan
-6.670000e+00 -1.000000e+00 -1.398064e-03 nan
-6.660000e+00 -1.000000e+00 -1.400553e-03 nan
-6.650000e+00 -1.000000e+00 -1.404832e-03 nan
-6.640000e+00 -1.000000e+00 -1.410858e-03 nan
-6.630000e+00 -1.000000e+00 -1.418599e-03 nan
-6.620000e+00 -1.000000e+00 -1.428036e-03 nan
-6.610000e+00 -1.000000e+00 -1.439158e-03 nan
-6.600000e+00 -1.000000e+00 -1.451964e-03 nan
-6.590000e+00 -1.000000e+00 -1.466464e-03 nan
-6.580000e+00 -1.000000e+00 -1.482673e-03 nan
-6.570000e+00 -1.000000e+00 -1.500619e-03 nan
-6.560000e+00 -1.000000e+00 -1.520335e-03 nan
-6.550000e+00 -1.000000e+00 -1.541866e-03 nan
-6.540000e+00 -1.000000e+00 -1.565262e-03 nan
-6.530000e+00 -1.000000e+00 -1.590585e-03 nan
-6.520000e+00 -1.000000e+00 -1.617906e-03 nan
-6.510000e+00 -1.000000e+00 -1.647304e-03 nan
-6.500000e+00 -1.000000e+00 -1.678870e-03 nan
-6.490000e+00 -1.000000e+00 -1.712707e-03 nan
-6.480000e+00 -1.000000e+00 -1.748928e-03 nan
-6.470000e+00 -1.000000e+00 -1.787660e-03 nan
-6.460000e+00 -1.000000e+00 -1.829044e-03 nan
-6.450000e+00 -1.000000e+00 -1.873237e-03 nan
-6.440000e+00 -1.000000e+00 -1.920413e-03 nan
-6.430000e+00 -1.000000e+00 -1.970764e-03 nan
-6.420000e+00 -1.000000e+00 -2.024503e-03 nan
-6.410000e+00 -1.000000e+00 -2.081867e-03 nan
-6.400000e+00 -1.000000e+00 -2.143118e-03 nan
-6.390000e+00 -1.000000e+00 -2.208549e-03 nan
-6.380000e+00 -1.000000e+00 -2.278484e-03 nan
-6.370000e+00 -1.000000e+00 -2.353284e-03 nan
-6.360000e+00 -1.000000e+00 -2.433356e-03 nan
-6.350000e+00 -1.000000e+00 -2.519151e-03 nan
-6.340000e+00 -1.000000e+00 -2.611179e-03 nan
-6.330000e+00 -1.000000e+00 -2.710011e-03 nan
-6.320000e+00 -1.000000e+00 -2.816292e-03 nan
-6.310000e+00 -1.000000e+00 -2.930756e-03 nan
-6.300000e+00 -1.000000e+00 -3.054231e-03 nan
-6.290000e+00 -1.000000e+00 -3.187668e-03 nan
-6.280000e+00 -1.000000e+00 -3.332151e-03 nan
-6.270000e+00 -1.000000e+00 -3.488930e-03 nan
-6.260000e+00 -1.000000e+00 -3.659448e-03 nan
-6.250000e+00 -1.000000e+00 -3.845383e-03 nan
-6.240000e+00 -1.000000e+00 -4.048695e-03 nan
-6.230000e+00 -1.000000e+00 -4.271687e-03 nan
-6.220000e+00 -1.000000e+00 -4.517085e-03 nan
-6.210000e+00 -1.000000e+00 -4.788137e-03 nan
-6.200000e+00 -1.000000e+00 -5.088742e-03 nan
-6.190000e+00 -1.000000e+00 -5.423628e-03 nan
-6.180000e+00 -1.000000e+00 -5.798575e-03 nan
-6.170000e+00 -1.000000e+00 -6.220727e-03 nan
-6.160000e+00 -1.000000e+00 -6.699020e-03 nan
-6.150000e+00 -1.000000e+00 -7.244779e-03 nan
-6.140000e+00 -1.000000e+00 -7.872567e-03 nan
-6.130000e+00 -1.000000e+00 -8.601440e-03 nan
-6.120000e+00 -1.000000e+00 -9.456809e-03 nan
-6.110000e+00 -1.000000e+00 -1.047333e-02 nan
-6.100000e+00 -1.000000e+00 -1.169955e-02 nan
-6.090000e+00 -1.000000e+00 -1.320558e-02 nan
-6.080000e+00 -1.000000e+00 -1.509661e-02 nan
-6.070000e+00 -1.000000e+00 -1.753796e-02 nan
-6.060000e+00 -1.000000e+00 -2.080516e-02 nan
-6.050000e+00 -1.000000e+00 -2.539422e-02 nan
-6.040000e+00 -1.000000e+00 -3.229716e-02 nan
-6.030000e+00 -1.000000e+00 -4.382876e-02 nan
-6.020000e+00 -1.000000e+00 -6.693345e-02 nan
-6.010000e+00 -1.000000e+00 -1.363334e-01 nan
-6.000000e+00 -1.000000e+00 -1.642083e+10 nan
-5.990000e+00 -1.000000e+00 1.415367e-01 nan
-5.980000e+00 -1.000000e+00 7.214010e-02 nan
-5.970000e+00 -1.000000e+00 4.904102e-02 nan
-5.960000e+00 -1.000000e+00 3.751727e-02 nan
-5.950000e+00 -1.000000e+00 3.062445e-02 nan
-5.940000e+00 -1.000000e+00 2.604780e-02 nan
-5.930000e+00 -1.000000e+00 2.279531e-02 nan
-5.920000e+00 -1.000000e+00 2.037099e-02 nan
-5.910000e+00 -1.000000e+00 1.849934e-02 nan
-5.900000e+00 -1.000000e+00 1.701507e-02 nan
-5.890000e+00 -1.000000e+00 1.581303e-02 nan
-5.880000e+00 -1.000000e+00 1.482314e-02 nan
-5.870000e+00 -1.000000e+00 1.399691e-02 nan
-5.860000e+00 -1.000000e+00 1.329971e-02 nan
-5.850000e+00 -1.000000e+00 1.270620e-02 nan
-5.840000e+00 -1.000000e+00 1.219737e-02 nan
-5.830000e+00 -1.000000e+00 1.175872e-02 nan
-5.820000e+00 -1.000000e+00 1.137899e-02 nan
-5.810000e+00 -1.000000e+00 1.104932e-02 nan
-5.800000e+00 -1.000000e+00 1.076265e-02 nan
-5.790000e+00 -1.000000e+00 1.051327e-02 nan
-5.780000e+00 -1.000000e+00 1.029655e-02 nan
-5.770000e+00 -1.000000e+00 1.010868e-02 nan
-5.760000e+00 -1.000000e+00 9.946519e-03 nan
-5.750000e+00 -1.000000e+00 9.807456e-03 nan
-5.740000e+00 -1.000000e+00 9.689301e-03 nan
-5.730000e+00 -1.000000e+00 9.590223e-03 nan
-5.720000e+00 -1.000000e+00 9.508680e-03 nan
-5.710000e+00 -1.000000e+00 9.443372e-03 nan
-5.700000e+00 -1.000000e+00 9.393206e-03 nan
-5.690000e+00 -1.000000e+00 9.357262e-03 nan
-5.680000e+00 -1.000000e+00 9.334769e-03 nan
-5.670000e+00 -1.000000e+00 9.325085e-03 nan
-5.660000e+00 -1.000000e+00 9.327683e-03 nan
-5.650000e+00 -1.000000e+00 9.342133e-03 nan
-5.640000e+00 -1.000000e+00 9.368096e-03 nan
-5.630000e+00 -1.000000e+00 9.405313e-03 nan
-5.620000e+00 -1.000000e+00 9.453598e-03 nan
-5.610000e+00 -1.000000e+00 9.512833e-03 nan
-5.600000e+00 -1.000000e+00 9.582964e-03 nan
-5.590000e+00 -1.000000e+00 9.663995e-03 nan
-5.580000e+00 -1.000000e+00 9.755989e-03 nan
-5.570000e+00 -1.000000e+00 9.859066e-03 nan
-5.560000e+00 -1.000000e+00 9.973400e-03 nan
-5.550000e+00 -1.000000e+00 1.009922e-02 nan
-5.540000e+00 -1.000000e+00 1.023681e-02 nan
-5.530000e+00 -1.000000e+00 1.038652e-02 nan
-5.520000e+00 -1.000000e+00 1.054874e-02 nan
-5.510000e+00 -1.000000e+00 1.072395e-02 nan
-5.500000e+00 -1.000000e+00 1.091265e-02 nan
-5.490000e+00 -1.000000e+00 1.111547e-02 nan
-5.480000e+00 -1.000000e+00 1.133305e-02 nan
-5.470000e+00 -1.000000e+00 1.156616e-02 nan
-5.460000e+00 -1.000000e+00 1.181562e-02 nan
-5.450000e+00 -1.000000e+00 1.208238e-02 nan
-5.440000e+00 -1.000000e+00 1.236746e-02 nan
-5.430000e+00 -1.000000e+00 1.267201e-02 nan
-5.420000e+00 -1.000000e+00 1.299731e-02 nan
-5.410000e+00 -1.000000e+00 1.334477e-02 nan
-5.400000e+00 -1.000000e+00 1.371596e-02 nan
-5.390000e+00 -1.000000e+00 1.411263e-02 nan
-5.380000e+00 -1.000000e+00 1.453673e-02 nan
-5.370000e+00 -1.000000e+00 1.499042e-02 nan
-5.360000e+00 -1.000000e+00 1.547614e-02 nan
-5.350000e+00 -1.000000e+00 1.599661e-02 nan
-5.340000e+00 -1.000000e+00 1.655487e-02 nan
-5.330000e+00 -1.000000e+00 1.715437e-02 nan
-5.320000e+00 -1.000000e+00 1.779897e-02 nan
-5.310000e+00 -1.000000e+00 1.849307e-02 nan
-5.300000e+00 -1.000000e+00 1.924166e-02 nan
-5.290000e+00 -1.000000e+00 2.005043e-02 nan
-5.280000e+00 -1.000000e+00 2.092591e-02 nan
-5.270000e+00 -1.000000e+00 2.187559e-02 nan
-5.260000e+00 -1.000000e+00 2.290815e-02 nan
-5.250000e+00 -1.000000e+00 2.403365e-02 nan
-5.240000e+00 -1.000000e+00 2.526386e-02 nan
-5.230000e+00 -1.000000e+00 2.661261e-02 nan
-5.220000e+00 -1.000000e+00 2.809627e-02 nan
-5.210000e+00 -1.000000e+00 2.973433e-02 nan
-5.200000e+00 -1.000000e+00 3.155020e-02 nan
-5.190000e+00 -1.000000e+00 3.357226e-02 nan
-5.180000e+00 -1.000000e+00 3.583519e-02 nan
-5.170000e+00 -1.000000e+00 3.838189e-02 nan
-5.160000e+00 -1.000000e+00 4.126597e-02 nan
-5.150000e+00 -1.000000e+00 4.455539e-02 nan
-5.140000e+00 -1.000000e+00 4.833756e-02 nan
-5.130000e+00 -1.000000e+00 5.272683e-02 nan
-5.120000e+00 -1.000000e+00 5.787567e-02 nan
-5.110000e+00 -1.000000e+00 6.399207e-02 nan
-5.100000e+00 -1.000000e+00 7.136728e-02 nan
-5.090000e+00 -1.000000e+00 8.042200e-02 nan
-5.080000e+00 -1.000000e+00 9.178741e-02 nan
-5.070000e+00 -1.000000e+00 1.064554e-01 nan
-5.060000e+00 -1.000000e+00 1.260793e-01 nan
-5.050000e+00 -1.000000e+00 1.536350e-01 nan
-5.040000e+00 -1.000000e+00 1.950748e-01 nan
-5.030000e+00 -1.000000e+00 2.642874e-01 nan
-5.020000e+00 -1.000000e+00 4.029393e-01 nan
-5.010000e+00 -1.000000e+00 8.193636e-01 nan
-5.000000e+00 -1.000000e+00 7.853759e+10 nan
-4.990000e+00 -1.000000e+00 -8.478047e-01 nan
-4.980000e+00 -1.000000e+00 -4.313978e-01 nan
-4.970000e+00 -1.000000e+00 -2.927749e-01 nan
-4.960000e+00 -1.000000e+00 -2.236030e-01 nan
-4.950000e+00 -1.000000e+00 -1.822155e-01 nan
-4.940000e+00 -1.000000e+00 -1.547239e-01 nan
-4.930000e+00 -1.000000e+00 -1.351762e-01 nan
-4.920000e+00 -1.000000e+00 -1.205963e-01 nan
-4.910000e+00 -1.000000e+00 -1.093311e-01 nan
-4.900000e+00 -1.000000e+00 -1.003889e-01 nan
-4.890000e+00 -1.000000e+00 -9.313877e-02 nan
-4.880000e+00 -1.000000e+00 -8.716008e-02 nan
-4.870000e+00 -1.000000e+00 -8.216184e-02 nan
-4.860000e+00 -1.000000e+00 -7.793631e-02 nan
-4.850000e+00 -1.000000e+00 -7.433125e-02 nan
-4.840000e+00 -1.000000e+00 -7.123263e-02 nan
-4.830000e+00 -1.000000e+00 -6.855333e-02 nan
-4.820000e+00 -1.000000e+00 -6.622573e-02 nan
-4.810000e+00 -1.000000e+00 -6.419657e-02 nan
-4.800000e+00 -1.000000e+00 -6.242336e-02 nan
-4.790000e+00 -1.000000e+00 -6.087182e-02 nan
-4.780000e+00 -1.000000e+00 -5.951403e-02 nan
-4.770000e+00 -1.000000e+00 -5.832707e-02 nan
-4.760000e+00 -1.000000e+00 -5.729195e-02 nan
-4.750000e+00 -1.000000e+00 -5.639287e-02 nan
-4.740000e+00 -1.000000e+00 -5.561659e-02 nan
-4.730000e+00 -1.000000e+00 -5.495198e-02 nan
-4.720000e+00 -1.000000e+00 -5.438965e-02 nan
-4.710000e+00 -1.000000e+00 -5.392166e-02 nan
-4.700000e+00 -1.000000e+00 -5.354128e-02 nan
-4.690000e+00 -1.000000e+00 -5.324282e-02 nan
-4.680000e+00 -1.000000e+00 -5.302149e-02 nan
-4.670000e+00 -1.000000e+00 -5.287323e-02 nan
-4.660000e+00 -1.000000e+00 -5.279468e-02 nan
-4.650000e+00 -1.000000e+00 -5.278305e-02 nan
-4.640000e+00 -1.000000e+00 -5.283606e-02 nan
-4.630000e+00 -1.000000e+00 -5.295191e-02 nan
-4.620000e+00 -1.000000e+00 -5.312922e-02 nan
-4.610000e+00 -1.000000e+00 -5.336699e-02 nan
-4.600000e+00 -1.000000e+00 -5.366460e-02 nan
-4.590000e+00 -1.000000e+00 -5.402173e-02 nan
-4.580000e+00 -1.000000e+00 -5.443842e-02 nan
-4.570000e+00 -1.000000e+00 -5.491500e-02 nan
-4.560000e+00 -1.000000e+00 -5.545211e-02 nan
-4.550000e+00 -1.000000e+00 -5.605068e-02 nan
-4.540000e+00 -1.000000e+00 -5.671195e-02 nan
-4.530000e+00 -1.000000e+00 -5.743746e-02 nan
-4.520000e+00 -1.000000e+00 -5.822907e-02 nan
-4.510000e+00 -1.000000e+00 -5.908895e-02 nan
-4.500000e+00 -1.000000e+00 -6.001960e-02 nan
-4.490000e+00 -1.000000e+00 -6.102391e-02 nan
-4.480000e+00 -1.000000e+00 -6.210512e-02 nan
-4.470000e+00 -1.000000e+00 -6.326688e-02 nan
-4.460000e+00 -1.000000e+00 -6.451331e-02 nan
-4.450000e+00 -1.000000e+00 -6.584898e-02 nan
-4.440000e+00 -1.000000e+00 -6.727899e-02 nan
-4.430000e+00 -1.000000e+00 -6.880903e-02 nan
-4.420000e+00 -1.000000e+00 -7.044542e-02 nan
-4.410000e+00 -1.000000e+00 -7.219520e-02 nan
-4.400000e+00 -1.000000e+00 -7.406617e-02 nan
-4.390000e+00 -1.000000e+00 -7.606707e-02 nan
-4.380000e+00 -1.000000e+00 -7.820758e-02 nan
-4.370000e+00 -1.000000e+00 -8.049857e-02 nan
-4.360000e+00 -1.000000e+00 -8.295214e-02 nan
-4.350000e+00 -1.000000e+00 -8.558187e-02 nan
-4.340000e+00 -1.000000e+00 -8.840303e-02 nan
-4.330000e+00 -1.000000e+00 -9.143277e-02 nan
-4.320000e+00 -1.000000e+00 -9.469051e-02 nan
-4.310000e+00 -1.000000e+00 -9.819819e-02 nan
-4.300000e+00 -1.000000e+00 -1.019808e-01 nan
-4.290000e+00 -1.000000e+00 -1.060668e-01 nan
-4.280000e+00 -1.000000e+00 -1.104888e-01 nan
-4.270000e+00 -1.000000e+00 -1.152844e-01 nan
-4.260000e+00 -1.000000e+00 -1.204968e-01 nan
-4.250000e+00 -1.000000e+00 -1.261766e-01 nan
-4.240000e+00 -1.000000e+00 -1.323826e-01 nan
-4.230000e+00 -1.000000e+00 -1.391840e-01 nan
-4.220000e+00 -1.000000e+00 -1.466625e-01 nan
-4.210000e+00 -1.000000e+00 -1.549158e-01 nan
-4.200000e+00 -1.000000e+00 -1.640611e-01 nan
-4.190000e+00 -1.000000e+00 -1.742400e-01 nan
-4.180000e+00 -1.000000e+00 -1.856263e-01 nan
-4.170000e+00 -1.000000e+00 -1.984344e-01 nan
-4.160000e+00 -1.000000e+00 -2.129324e-01 nan
-4.150000e+00 -1.000000e+00 -2.294602e-01 nan
-4.140000e+00 -1.000000e+00 -2.484551e-01 nan
-4.130000e+00 -1.000000e+00 -2.704886e-01 nan
-4.120000e+00 -1.000000e+00 -2.963234e-01 nan
-4.110000e+00 -1.000000e+00 -3.269995e-01 nan
-4.100000e+00 -1.000000e+00 -3.639731e-01 nan
-4.090000e+00 -1.000000e+00 -4.093480e-01 nan
-4.080000e+00 -1.000000e+00 -4.662800e-01 nan
-4.070000e+00 -1.000000e+00 -5.397289e-01 nan
-4.060000e+00 -1.000000e+00 -6.379611e-01 nan
-4.050000e+00 -1.000000e+00 -7.758568e-01 nan
-4.040000e+00 -1.000000e+00 -9.831771e-01 nan
-4.030000e+00 -1.000000e+00 -1.329366e+00 nan
-4.020000e+00 -1.000000e+00 -2.022755e+00 nan
-4.010000e+00 -1.000000e+00 -4.105012e+00 nan
-4.000000e+00 -1.000000e+00 -3.264602e+11 nan
-3.990000e+00 -1.000000e+00 4.230546e+00 nan
-3.980000e+00 -1.000000e+00 2.148361e+00 nan
-3.970000e+00 -1.000000e+00 1.455091e+00 nan
-3.960000e+00 -1.000000e+00 1.109071e+00 nan
-3.950000e+00 -1.000000e+00 9.019667e-01 nan
-3.940000e+00 -1.000000e+00 7.643363e-01 nan
-3.930000e+00 -1.000000e+00 6.664185e-01 nan
-3.920000e+00 -1.000000e+00 5.933337e-01 nan
-3.910000e+00 -1.000000e+00 5.368158e-01 nan
-3.900000e+00 -1.000000e+00 4.919058e-01 nan
-3.890000e+00 -1.000000e+00 4.554486e-01 nan
-3.880000e+00 -1.000000e+00 4.253412e-01 nan
-3.870000e+00 -1.000000e+00 4.001282e-01 nan
-3.860000e+00 -1.000000e+00 3.787704e-01 nan
-3.850000e+00 -9.999999e-01 3.605066e-01 nan
-3.840000e+00 -9.999999e-01 3.447659e-01 nan
-3.830000e+00 -9.999999e-01 3.311126e-01 nan
-3.820000e+00 -9.999999e-01 3.192080e-01 nan
-3.810000e+00 -9.999999e-01 3.087855e-01 nan
-3.800000e+00 -9.999999e-01 2.996321e-01 nan
-3.790000e+00 -9.999999e-01 2.915760e-01 nan
-3.780000e+00 -9.999999e-01 2.844771e-01 nan
-3.770000e+00 -9.999999e-01 2.782201e-01 nan
-3.760000e+00 -9.999999e-01 2.727097e-01 nan
-3.750000e+00 -9.999999e-01 2.678661e-01 nan
-3.740000e+00 -9.999999e-01 2.636226e-01 nan
-3.730000e+00 -9.999999e-01 2.599229e-01 nan
-3.720000e+00 -9.999999e-01 2.567191e-01 nan
-3.710000e+00 -9.999998e-01 2.539710e-01 nan
-3.700000e+00 -9.999998e-01 2.516440e-01 nan
-3.690000e+00 -9.999998e-01 2.497088e-01 nan
-3.680000e+00 -9.999998e-01 2.481406e-01 nan
-3.670000e+00 -9.999998e-01 2.469180e-01 nan
-3.660000e+00 -9.999998e-01 2.460232e-01 nan
-3.650000e+00 -9.999998e-01 2.454412e-01 nan
-3.640000e+00 -9.999997e-01 2.451593e-01 nan
-3.630000e+00 -9.999997e-01 2.451674e-01 nan
-3.620000e+00 -9.999997e-01 2.454570e-01 nan
-3.610000e+00 -9.999997e-01 2.460218e-01 nan
-3.600000e+00 -9.999996e-01 2.468571e-01 nan
-3.590000e+00 -9.999996e-01 2.479597e-01 nan
-3.580000e+00 -9.999996e-01 2.493280e-01 nan
-3.570000e+00 -9.999996e-01 2.509615e-01 nan
-3.560000e+00 -9.999995e-01 2.528616e-01 nan
-3.550000e+00 -9.999995e-01 2.550306e-01 nan
-3.540000e+00 -9.999994e-01 2.574723e-01 nan
-3.530000e+00 -9.999994e-01 2.601917e-01 nan
-3.520000e+00 -9.999994e-01 2.631954e-01 nan
-3.510000e+00 -9.999993e-01 2.664911e-01 nan
-3.500000e+00 -9.999993e-01 2.700882e-01 nan
-3.490000e+00 -9.999992e-01 2.739973e-01 nan
-3.480000e+00 -9.999991e-01 2.782309e-01 nan
-3.470000e+00 -9.999991e-01 2.828030e-01 nan
-3.460000e+00 -9.999990e-01 2.877294e-01 nan
-3.450000e+00 -9.999989e-01 2.930280e-01 nan
-3.440000e+00 -9.999989e-01 2.987187e-01 nan
-3.430000e+00 -9.999988e-01 3.048240e-01 nan
-3.420000e+00 -9.999987e-01 3.113688e-01 nan
-3.410000e+00 -9.999986e-01 3.183808e-01 nan
-3.400000e+00 -9.999985e-01 3.258912e-01 nan
-3.390000e+00 -9.999984e-01 3.339344e-01 nan
-3.380000e+00 -9.999982e-01 3.425492e-01 nan
-3.370000e+00 -9.999981e-01 3.517787e-01 nan
-3.360000e+00 -9.999980e-01 3.616713e-01 nan
-3.350000e+00 -9.999978e-01 3.722811e-01 nan
-3.340000e+00 -9.999977e-01 3.836691e-01 nan
-3.330000e+00 -9.999975e-01 3.959039e-01 nan
-3.320000e+00 -9.999973e-01 4.090630e-01 nan
-3.310000e+00 -9.999971e-01 4.232342e-01 nan
-3.300000e+00 -9.999969e-01 4.385174e-01 nan
-3.290000e+00 -9.999967e-01 4.550265e-01 nan
-3.280000e+00 -9.999965e-01 4.728921e-01 nan
-3.270000e+00 -9.999962e-01 4.922642e-01 nan
-3.260000e+00 -9.999960e-01 5.133166e-01 nan
-3.250000e+00 -9.999957e-01 5.362507e-01 nan
-3.240000e+00 -9.999954e-01 5.613023e-01 nan
-3.230000e+00 -9.999951e-01 5.887482e-01 nan
-3.220000e+00 -9.999947e-01 6.189159e-01 nan
-3.210000e+00 -9.999944e-01 6.521957e-01 nan
-3.200000e+00 -9.999940e-01 6.890564e-01 nan
-3.190000e+00 -9.999936e-01 7.300657e-01 nan
-3.180000e+00 -9.999931e-01 7.759180e-01 nan
-3.170000e+00 -9.999926e-01 8.274713e-01 nan
-3.160000e+00 -9.999921e-01 8.857987e-01 nan
-3.150000e+00 -9.999916e-01 9.522600e-01 nan
-3.140000e+00 -9.999910e-01 1.028604e+00 nan
-3.130000e+00 -9.999904e-01 1.117118e+00 nan
-3.120000e+00 -9.999898e-01 1.220852e+00 nan
-3.110000e+00 -9.999891e-01 1.343968e+00 nan
-3.100000e+00 -9.999883e-01 1.492290e+00 nan
-3.090000e+00 -9.999876e-01 1.674233e+00 nan
-3.080000e+00 -9.999867e-01 1.902423e+00 nan
-3.070000e+00 -9.999858e-01 2.196697e+00 nan
-3.060000e+00 -9.999849e-01 2.590122e+00 nan
-3.050000e+00 -9.999839e-01 3.142220e+00 nan
-3.040000e+00 -9.999828e-01 3.972036e+00 nan
-3.030000e+00 -9.999817e-01 5.357344e+00 nan
-3.020000e+00 -9.999805e-01 8.131477e+00 nan
-3.010000e+00 -9.999792e-01 1.646110e+01 nan
-3.000000e+00 -9.999779e-01 1.117390e+12 nan
-2.990000e+00 -9.999765e-01 -1.687988e+01 nan
-2.980000e+00 -9.999749e-01 -8.550477e+00 nan
-2.970000e+00 -9.999733e-01 -5.776713e+00 nan
-2.960000e+00 -9.999716e-01 -4.391920e+00 nan
-2.950000e+00 -9.999698e-01 -3.562769e+00 nan
-2.940000e+00 -9.999678e-01 -3.011485e+00 nan
-2.930000e+00 -9.999658e-01 -2.619025e+00 nan
-2.920000e+00 -9.999636e-01 -2.325868e+00 nan
-2.910000e+00 -9.999613e-01 -2.098950e+00 nan
-2.900000e+00 -9.999589e-01 -1.918433e+00 nan
-2.890000e+00 -9.999563e-01 -1.771695e+00 nan
-2.880000e+00 -9.999536e-01 -1.650324e+00 nan
-2.870000e+00 -9.999506e-01 -1.548496e+00 nan
-2.860000e+00 -9.999476e-01 -1.462054e+00 nan
-2.850000e+00 -9.999443e-01 -1.387950e+00 nan
-2.840000e+00 -9.999409e-01 -1.323901e+00 nan
-2.830000e+00 -9.999372e-01 -1.268161e+00 nan
-2.820000e+00 -9.999334e-01 -1.219375e+00 nan
-2.810000e+00 -9.999293e-01 -1.176473e+00 nan
-2.800000e+00 -9.999250e-01 -1.138602e+00 nan
-2.790000e+00 -9.999204e-01 -1.105073e+00 nan
-2.780000e+00 -9.999156e-01 -1.075323e+00 nan
-2.770000e+00 -9.999104e-01 -1.048890e+00 nan
-2.760000e+00 -9.999050e-01 -1.025388e+00 nan
-2.750000e+00 -9.998993e-01 -1.004498e+00 nan
-2.740000e+00 -9.998933e-01 -9.859486e-01 nan
-2.730000e+00 -9.998869e-01 -9.695123e-01 nan
-2.720000e+00 -9.998802e-01 -9.549952e-01 nan
-2.710000e+00 -9.998731e-01 -9.422324e-01 nan
-2.700000e+00 -9.998656e-01 -9.310828e-01 nan
-2.690000e+00 -9.998577e-01 -9.214256e-01 nan
-2.680000e+00 -9.998494e-01 -9.131572e-01 nan
-2.670000e+00 -9.998405e-01 -9.061890e-01 nan
-2.660000e+00 -9.998313e-01 -9.004450e-01 nan
-2.650000e+00 -9.998215e-01 -8.958603e-01 nan
-2.640000e+00 -9.998111e-01 -8.923799e-01 nan
-2.630000e+00 -9.998002e-01 -8.899575e-01 nan
-2.620000e+00 -9.997887e-01 -8.885544e-01 nan
-2.610000e+00 -9.997766e-01 -8.881389e-01 nan
-2.600000e+00 -9.997639e-01 -8.886857e-01 nan
-2.590000e+00 -9.997505e-01 -8.901755e-01 nan
-2.580000e+00 -9.997363e-01 -8.925941e-01 nan
-2.570000e+00 -9.997214e-01 -8.959327e-01 nan
-2.560000e+00 -9.997058e-01 -9.001873e-01 nan
-2.550000e+00 -9.996893e-01 -9.053586e-01 nan
-2.540000e+00 -9.996719e-01 -9.114518e-01 nan
-2.530000e+00 -9.996536e-01 -9.184768e-01 nan
-2.520000e+00 -9.996344e-01 -9.264478e-01 nan
-2.510000e+00 -9.996142e-01 -9.353839e-01 nan
-2.500000e+00 -9.995930e-01 -9.453087e-01 nan
-2.490000e+00 -9.995706e-01 -9.562507e-01 nan
-2.480000e+00 -9.995471e-01 -9.682436e-01 nan
-2.470000e+00 -9.995225e-01 -9.813263e-01 nan
-2.460000e+00 -9.994966e-01 -9.955436e-01 nan
-2.450000e+00 -9.994693e-01 -1.010946e+00 nan
-2.440000e+00 -9.994407e-01 -1.027592e+00 nan
-2.430000e+00 -9.994107e-01 -1.045546e+00 nan
-2.420000e+00 -9.993792e-01 -1.064881e+00 nan
-2.410000e+00 -9.993461e-01 -1.085679e+00 nan
-2.400000e+00 -9.993114e-01 -1.108030e+00 nan
-2.390000e+00 -9.992750e-01 -1.132038e+00 nan
-2.380000e+00 -9.992368e-01 -1.157816e+00 nan
-2.370000e+00 -9.991967e-01 -1.185494e+00 nan
-2.360000e+00 -9.991547e-01 -1.215216e+00 nan
-2.350000e+00 -9.991106e-01 -1.247142e+00 nan
-2.340000e+00 -9.990645e-01 -1.281455e+00 nan
-2.330000e+00 -9.990161e-01 -1.318360e+00 nan
-2.320000e+00 -9.989654e-01 -1.358089e+00 nan
-2.310000e+00 -9.989123e-01 -1.400905e+00 nan
-2.300000e+00 -9.988567e-01 -1.447107e+00 nan
-2.290000e+00 -9.987985e-01 -1.497037e+00 nan
-2.280000e+00 -9.987375e-01 -1.551086e+00 nan
-2.270000e+00 -9.986737e-01 -1.609704e+00 nan
-2.260000e+00 -9.986070e-01 -1.673412e+00 nan
-2.250000e+00 -9.985372e-01 -1.742815e+00 nan
-2.240000e+00 -9.984641e-01 -1.818619e+00 nan
-2.230000e+00 -9.983877e-01 -1.901657e+00 nan
-2.220000e+00 -9.983078e-01 -1.992909e+00 nan
-2.210000e+00 -9.982243e-01 -2.093548e+00 nan
-2.200000e+00 -9.981370e-01 -2.204981e+00 nan
-2.190000e+00 -9.980458e-01 -2.328910e+00 nan
-2.180000e+00 -9.979505e-01 -2.467419e+00 nan
-2.170000e+00 -9.978510e-01 -2.623084e+00 nan
-2.160000e+00 -9.977470e-01 -2.799124e+00 nan
-2.150000e+00 -9.976385e-01 -2.999619e+00 nan
-2.140000e+00 -9.975252e-01 -3.229817e+00 nan
-2.130000e+00 -9.974069e-01 -3.496579e+00 nan
-2.120000e+00 -9.972835e-01 -3.809060e+00 nan
-2.110000e+00 -9.971547e-01 -4.179740e+00 nan
-2.100000e+00 -9.970204e-01 -4.626098e+00 nan
-2.090000e+00 -9.968803e-01 -5.173381e+00 nan
-2.080000e+00 -9.967343e-01 -5.859462e+00 nan
-2.070000e+00 -9.965820e-01 -6.743859e+00 nan
-2.060000e+00 -9.964233e-01 -7.925773e+00 nan
-2.050000e+00 -9.962580e-01 -9.583771e+00 nan
-2.040000e+00 -9.960857e-01 -1.207499e+01 nan
-2.030000e+00 -9.959062e-01 -1.623275e+01 nan
-2.020000e+00 -9.957193e-01 -2.455706e+01 nan
-2.010000e+00 -9.955247e-01 -4.954790e+01 nan
-2.000000e+00 -9.953221e-01 -2.934276e+12 nan
-1.990000e+00 -9.951113e-01 5.047083e+01 nan
-1.980000e+00 -9.948919e-01 2.548042e+01 nan
-1.970000e+00 -9.946636e-01 1.715684e+01 nan
-1.960000e+00 -9.944262e-01 1.300008e+01 nan
-1.950000e+00 -9.941792e-01 1.051017e+01 nan
-1.940000e+00 -9.939225e-01 8.853766e+00 nan
-1.930000e+00 -9.936555e-01 7.673743e+00 nan
-1.920000e+00 -9.933781e-01 6.791534e+00 nan
-1.910000e+00 -9.930898e-01 6.107943e+00 nan
-1.900000e+00 -9.927903e-01 5.563455e+00 nan
-1.890000e+00 -9.924792e-01 5.120199e+00 nan
-1.880000e+00 -9.921561e-01 4.752933e+00 nan
-1.870000e+00 -9.918207e-01 4.444183e+00 nan
-1.860000e+00 -9.914724e-01 4.181474e+00 nan
-1.850000e+00 -9.911110e-01 3.955658e+00 nan
-1.840000e+00 -9.907359e-01 3.759879e+00 nan
-1.830000e+00 -9.903467e-01 3.588896e+00 nan
-1.820000e+00 -9.899431e-01 3.438637e+00 nan
-1.810000e+00 -9.895245e-01 3.305889e+00 nan
-1.800000e+00 -9.890905e-01 3.188086e+00 nan
-1.790000e+00 -9.886405e-01 3.083154e+00 nan
-1.780000e+00 -9.881742e-01 2.989399e+00 nan
-1.770000e+00 -9.876909e-01 2.905425e+00 nan
-1.760000e+00 -9.871903e-01 2.830072e+00 nan
-1.750000e+00 -9.866717e-01 2.762369e+00 nan
-1.740000e+00 -9.861346e-01 2.701499e+00 nan
-1.730000e+00 -9.855785e-01 2.646769e+00 nan
-1.720000e+00 -9.850028e-01 2.597587e+00 nan
-1.710000e+00 -9.844070e-01 2.553450e+00 nan
-1.700000e+00 -9.837905e-01 2.513924e+00 nan
-1.690000e+00 -9.831526e-01 2.478635e+00 nan
-1.680000e+00 -9.824928e-01 2.447261e+00 nan
-1.670000e+00 -9.818105e-01 2.419525e+00 nan
-1.660000e+00 -9.811050e-01 2.395184e+00 nan
-1.650000e+00 -9.803756e-01 2.374030e+00 nan
-1.640000e+00 -9.796218e-01 2.355883e+00 nan
-1.630000e+00 -9.788429e-01 2.340588e+00 nan
-1.620000e+00 -9.780381e-01 2.328012e+00 nan
-1.610000e+00 -9.772069e-01 2.318042e+00 nan
-1.600000e+00 -9.763485e-01 2.310583e+00 nan
-1.590000e+00 -9.754621e-01 2.305554e+00 nan
-1.580000e+00 -9.745471e-01 2.302893e+00 nan
-1.570000e+00 -9.736027e-01 2.302547e+00 nan
-1.560000e+00 -9.726282e-01 2.304480e+00 nan
-1.550000e+00 -9.716228e-01 2.308664e+00 nan
-1.540000e+00 -9.705858e-01 2.315088e+00 nan
-1.530000e+00 -9.695163e-01 2.323746e+00 nan
-1.520000e+00 -9.684136e-01 2.334649e+00 nan
-1.510000e+00 -9.672769e-01 2.347814e+00 nan
-1.500000e+00 -9.661053e-01 2.363272e+00 nan
-1.490000e+00 -9.648980e-01 2.381064e+00 nan
-1.480000e+00 -9.636542e-01 2.401244e+00 nan
-1.470000e+00 -9.623730e-01 2.423876e+00 nan
-1.460000e+00 -9.610536e-01 2.449037e+00 nan
-1.450000e+00 -9.596952e-01 2.476819e+00 nan
-1.440000e+00 -9.582967e-01 2.507325e+00 nan
-1.430000e+00 -9.568574e-01 2.540678e+00 nan
-1.420000e+00 -9.553763e-01 2.577013e+00 nan
-1.410000e+00 -9.538526e-01 2.616485e+00 nan
-1.400000e+00 -9.522853e-01 2.659272e+00 nan
-1.390000e+00 -9.506734e-01 2.705570e+00 nan
-1.380000e+00 -9.490162e-01 2.755603e+00 nan
-1.370000e+00 -9.473125e-01 2.809622e+00 nan
-1.360000e+00 -9.455616e-01 2.867909e+00 nan
-1.350000e+00 -9.437623e-01 2.930783e+00 nan
-1.340000e+00 -9.419138e-01 2.998604e+00 nan
-1.330000e+00 -9.400152e-01 3.071779e+00 nan
-1.320000e+00 -9.380653e-01 3.150767e+00 nan
-1.310000e+00 -9.360632e-01 3.236091e+00 nan
-1.300000e+00 -9.340081e-01 3.328347e+00 nan
-1.290000e+00 -9.318987e-01 3.428215e+00 nan
-1.280000e+00 -9.297343e-01 3.536476e+00 nan
-1.270000e+00 -9.275137e-01 3.654028e+00 nan
-1.260000e+00 -9.252360e-01 3.781911e+00 nan
-1.250000e+00 -9.229002e-01 3.921333e+00 nan
-1.240000e+00 -9.205053e-01 4.073708e+00 nan
-1.230000e+00 -9.180502e-01 4.240694e+00 nan
-1.220000e+00 -9.155340e-01 4.424258e+00 nan
-1.210000e+00 -9.129556e-01 4.626742e+00 nan
-1.200000e+00 -9.103140e-01 4.850957e+00 nan
-1.190000e+00 -9.076083e-01 5.100312e+00 nan
-1.180000e+00 -9.048375e-01 5.378974e+00 nan
-1.170000e+00 -9.020004e-01 5.692092e+00 nan
-1.160000e+00 -8.990962e-01 6.046108e+00 nan
-1.150000e+00 -8.961239e-01 6.449181e+00 nan
-1.140000e+00 -8.930823e-01 6.911807e+00 nan
-1.130000e+00 -8.899707e-01 7.447714e+00 nan
-1.120000e+00 -8.867879e-01 8.075207e+00 nan
-1.110000e+00 -8.835330e-01 8.819252e+00 nan
-1.100000e+00 -8.802050e-01 9.714806e+00 nan
-1.090000e+00 -8.768031e-01 1.081237e+01 nan
-1.080000e+00 -8.733261e-01 1.218768e+01 nan
-1.070000e+00 -8.697732e-01 1.395979e+01 nan
-1.060000e+00 -8.661435e-01 1.632709e+01 nan
-1.050000e+00 -8.624360e-01 1.964673e+01 nan
-1.040000e+00 -8.586499e-01 2.463298e+01 nan
-1.030000e+00 -8.547841e-01 3.295249e+01 nan
-1.020000e+00 -8.508379e-01 4.960526e+01 nan
-1.010000e+00 -8.468104e-01 9.959129e+01 nan
-1.000000e+00 -8.427007e-01 5.896553e+12 nan
-9.900000e-01 -8.385080e-01 -1.004370e+02 nan
-9.800000e-01 -8.342314e-01 -5.045123e+01 nan
-9.700000e-01 -8.298702e-01 -3.379897e+01 nan
-9.600000e-01 -8.254235e-01 -2.548016e+01 nan
-9.500000e-01 -8.208907e-01 -2.049483e+01 nan
-9.400000e-01 -8.162709e-01 -1.717631e+01 nan
-9.300000e-01 -8.115634e-01 -1.481032e+01 nan
-9.200000e-01 -8.067676e-01 -1.303975e+01 nan
-9.100000e-01 -8.018827e-01 -1.166617e+01 nan
-9.000000e-01 -7.969081e-01 -1.057056e+01 nan
-8.900000e-01 -7.918431e-01 -9.677176e+00 nan
-8.800000e-01 -7.866872e-01 -8.935513e+00 nan
-8.700000e-01 -7.814397e-01 -8.310623e+00 nan
-8.600000e-01 -7.761001e-01 -7.777542e+00 nan
-8.500000e-01 -7.706679e-01 -7.317968e+00 nan
-8.400000e-01 -7.651426e-01 -6.918178e+00 nan
-8.300000e-01 -7.595236e-01 -6.567680e+00 nan
-8.200000e-01 -7.538106e-01 -6.258319e+00 nan
-8.100000e-01 -7.480032e-01 -5.983658e+00 nan
-8.000000e-01 -7.421009e-01 -5.738555e+00 nan
-7.900000e-01 -7.361034e-01 -5.518846e+00 nan
-7.800000e-01 -7.300103e-01 -5.321130e+00 nan
-7.700000e-01 -7.238215e-01 -5.142602e+00 nan
-7.600000e-01 -7.175367e-01 -4.980927e+00 nan
-7.500000e-01 -7.111556e-01 -4.834147e+00 nan
-7.400000e-01 -7.046780e-01 -4.700609e+00 nan
-7.300000e-01 -6.981039e-01 -4.578910e+00 nan
-7.200000e-01 -6.914331e-01 -4.467850e+00 nan
-7.100000e-01 -6.846655e-01 -4.366399e+00 nan
-7.000000e-01 -6.778012e-01 -4.273670e+00 nan
-6.900000e-01 -6.708401e-01 -4.188893e+00 nan
-6.800000e-01 -6.637822e-01 -4.111399e+00 nan
-6.700000e-01 -6.566277e-01 -4.040606e+00 nan
-6.600000e-01 -6.493767e-01 -3.976005e+00 nan
-6.500000e-01 -6.420294e-01 -3.917149e+00 nan
-6.400000e-01 -6.345859e-01 -3.863648e+00 nan
-6.300000e-01 -6.270465e-01 -3.815159e+00 nan
-6.200000e-01 -6.194115e-01 -3.771380e+00 nan
-6.100000e-01 -6.116813e-01 -3.732048e+00 nan
-6.000000e-01 -6.038562e-01 -3.696933e+00 nan
-5.900000e-01 -5.959366e-01 -3.665832e+00 nan
-5.800000e-01 -5.879230e-01 -3.638571e+00 nan
-5.700000e-01 -5.798159e-01 -3.614999e+00 nan
-5.600000e-01 -5.716159e-01 -3.594988e+00 nan
-5.500000e-01 -5.633235e-01 -3.578430e+00 nan
-5.400000e-01 -5.549394e-01 -3.565235e+00 nan
-5.300000e-01 -5.464642e-01 -3.555332e+00 nan
-5.200000e-01 -5.378988e-01 -3.548666e+00 nan
-5.100000e-01 -5.292438e-01 -3.545199e+00 nan
-5.000000e-01 -5.205000e-01 -3.544908e+00 nan
-4.900000e-01 -5.116684e-01 -3.547786e+00 nan
-4.800000e-01 -5.027498e-01 -3.553841e+00 nan
-4.700000e-01 -4.937452e-01 -3.563098e+00 nan
-4.600000e-01 -4.846555e-01 -3.575594e+00 nan
-4.500000e-01 -4.754818e-01 -3.591387e+00 nan
-4.400000e-01 -4.662252e-01 -3.610549e+00 nan
-4.300000e-01 -4.568868e-01 -3.633169e+00 nan
-4.200000e-01 -4.474677e-01 -3.659358e+00 nan
-4.100000e-01 -4.379692e-01 -3.689244e+00 nan
-4.000000e-01 -4.283924e-01 -3.722981e+00 nan
-3.900000e-01 -4.187388e-01 -3.760742e+00 nan
-3.800000e-01 -4.090095e-01 -3.802732e+00 nan
-3.700000e-01 -3.992060e-01 -3.849182e+00 nan
-3.600000e-01 -3.893297e-01 -3.900356e+00 nan
-3.500000e-01 -3.793821e-01 -3.956557e+00 nan
-3.400000e-01 -3.693645e-01 -4.018130e+00 nan
-3.300000e-01 -3.592786e-01 -4.085466e+00 nan
-3.200000e-01 -3.491259e-01 -4.159012e+00 nan
-3.100000e-01 -3.389081e-01 -4.239279e+00 nan
-3.000000e-01 -3.286267e-01 -4.326851e+00 nan
-2.900000e-01 -3.182834e-01 -4.422398e+00 nan
-2.800000e-01 -3.078800e-01 -4.526689e+00 nan
-2.700000e-01 -2.974181e-01 -4.640616e+00 nan
-2.600000e-01 -2.868996e-01 -4.765208e+00 nan
-2.500000e-01 -2.763263e-01 -4.901667e+00 nan
-2.400000e-01 -2.656999e-01 -5.051397e+00 nan
-2.300000e-01 -2.550225e-01 -5.216054e+00 nan
-2.200000e-01 -2.442958e-01 -5.397595e+00 nan
-2.100000e-01 -2.335218e-01 -5.598357e+00 nan
-2.000000e-01 -2.227025e-01 -5.821149e+00 nan
-1.900000e-01 -2.118398e-01 -6.069371e+00 nan
-1.800000e-01 -2.009357e-01 -6.347189e+00 nan
-1.700000e-01 -1.899924e-01 -6.659748e+00 nan
-1.600000e-01 -1.790117e-01 -7.013485e+00 nan
-1.500000e-01 -1.679959e-01 -7.416558e+00 nan
-1.400000e-01 -1.569470e-01 -7.879460e+00 nan
-1.300000e-01 -1.458671e-01 -8.415917e+00 nan
-1.200000e-01 -1.347584e-01 -9.044232e+00 nan
-1.100000e-01 -1.236229e-01 -9.789370e+00 nan
-1.000000e-01 -1.124630e-01 -1.068629e+01 nan
-9.000000e-02 -1.012807e-01 -1.178548e+01 nan
-8.000000e-02 -9.007822e-02 -1.316269e+01 nan
-7.000000e-02 -7.885784e-02 -1.493697e+01 nan
-6.000000e-02 -6.762172e-02 -1.730672e+01 nan
-5.000000e-02 -5.637212e-02 -2.062907e+01 nan
-4.000000e-02 -4.511124e-02 -2.561830e+01 nan
-3.000000e-02 -3.384135e-02 -3.394106e+01 nan
-2.000000e-02 -2.256468e-02 -5.059737e+01 nan
-1.000000e-02 -1.128348e-02 -1.005872e+02 nan
-1.688892e-13 -1.000190e-09 -5.921041e+12 nan
1.000000e-02 1.128348e-02 9.943259e+01 4.599480e+00
2.000000e-02 2.256468e-02 4.944221e+01 3.900805e+00
3.000000e-02 3.384135e-02 3.278500e+01 3.489971e+00
4.000000e-02 4.511124e-02 2.446096e+01 3.197078e+00
5.000000e-02 5.637212e-02 1.947009e+01 2.968879e+00
6.000000e-02 6.762172e-02 1.614573e+01 2.781655e+00
7.000000e-02 7.885784e-02 1.377360e+01 2.622754e+00
8.000000e-02 9.007822e-02 1.199657e+01 2.484620e+00
9.000000e-02 1.012807e-01 1.061622e+01 2.362383e+00
1.000000e-01 1.124630e-01 9.513508e+00 2.252713e+00
1.100000e-01 1.236229e-01 8.612686e+00 2.153236e+00
1.200000e-01 1.347584e-01 7.863252e+00 2.062200e+00
1.300000e-01 1.458671e-01 7.230242e+00 1.978272e+00
1.400000e-01 1.569470e-01 6.688686e+00 1.900417e+00
1.500000e-01 1.679959e-01 6.220273e+00 1.827814e+00
1.600000e-01 1.790117e-01 5.811269e+00 1.759799e+00
1.700000e-01 1.899924e-01 5.451174e+00 1.695831e+00
1.800000e-01 2.009357e-01 5.131821e+00 1.635461e+00
1.900000e-01 2.118398e-01 4.846763e+00 1.578311e+00
2.000000e-01 2.227025e-01 4.590844e+00 1.524064e+00
2.100000e-01 2.335218e-01 4.359888e+00 1.472446e+00
2.200000e-01 2.442958e-01 4.150482e+00 1.423224e+00
2.300000e-01 2.550225e-01 3.959804e+00 1.376194e+00
2.400000e-01 2.656999e-01 3.785504e+00 1.331179e+00
2.500000e-01 2.763263e-01 3.625610e+00 1.288023e+00
2.600000e-01 2.868996e-01 3.478450e+00 1.246587e+00
2.700000e-01 2.974181e-01 3.342604e+00 1.206750e+00
2.800000e-01 3.078800e-01 3.216852e+00 1.168403e+00
2.900000e-01 3.182834e-01 3.100143e+00 1.131448e+00
3.000000e-01 3.286267e-01 2.991569e+00 1.095798e+00
3.100000e-01 3.389081e-01 2.890336e+00 1.061373e+00
3.200000e-01 3.491259e-01 2.795751e+00 1.028101e+00
3.300000e-01 3.592786e-01 2.707206e+00 9.959172e-01
3.400000e-01 3.693645e-01 2.624163e+00 9.647621e-01
3.500000e-01 3.793821e-01 2.546147e+00 9.345812e-01
3.600000e-01 3.893297e-01 2.472735e+00 9.053247e-01
3.700000e-01 3.992060e-01 2.403550e+00 8.769468e-01
3.800000e-01 4.090095e-01 2.338256e+00 8.494052e-01
3.900000e-01 4.187388e-01 2.276549e+00 8.226609e-01
4.000000e-01 4.283924e-01 2.218160e+00 7.966778e-01
4.100000e-01 4.379692e-01 2.162841e+00 7.714225e-01
4.200000e-01 4.474677e-01 2.110371e+00 7.468637e-01
4.300000e-01 4.568868e-01 2.060549e+00 7.229726e-01
4.400000e-01 4.662252e-01 2.013193e+00 6.997222e-01
4.500000e-01 4.754818e-01 1.968136e+00 6.770871e-01
4.600000e-01 4.846555e-01 1.925227e+00 6.550438e-01
4.700000e-01 4.937452e-01 1.884326e+00 6.335701e-01
4.800000e-01 5.027498e-01 1.845306e+00 6.126452e-01
4.900000e-01 5.116684e-01 1.808051e+00 5.922496e-01
5.000000e-01 5.205000e-01 1.772454e+00 5.723649e-01
5.100000e-01 5.292438e-01 1.738415e+00 5.529738e-01
5.200000e-01 5.378988e-01 1.705844e+00 5.340599e-01
5.300000e-01 5.464642e-01 1.674656e+00 5.156077e-01
5.400000e-01 5.549394e-01 1.644773e+00 4.976026e-01
5.500000e-01 5.633235e-01 1.616124e+00 4.800308e-01
5.600000e-01 5.716159e-01 1.588641e+00 4.628792e-01
5.700000e-01 5.798159e-01 1.562263e+00 4.461352e-01
5.800000e-01 5.879230e-01 1.536930e+00 4.297871e-01
5.900000e-01 5.959366e-01 1.512590e+00 4.138235e-01
6.000000e-01 6.038562e-01 1.489192e+00 3.982339e-01
6.100000e-01 6.116813e-01 1.466690e+00 3.830078e-01
6.200000e-01 6.194115e-01 1.445038e+00 3.681357e-01
6.300000e-01 6.270465e-01 1.424197e+00 3.536083e-01
6.400000e-01 6.345859e-01 1.404128e+00 3.394166e-01
6.500000e-01 6.420294e-01 1.384795e+00 3.255522e-01
6.600000e-01 6.493767e-01 1.366164e+00 3.120070e-01
6.700000e-01 6.566277e-01 1.348204e+00 2.987731e-01
6.800000e-01 6.637822e-01 1.330884e+00 2.858433e-01
6.900000e-01 6.708401e-01 1.314177e+00 2.732103e-01
7.000000e-01 6.778012e-01 1.298055e+00 2.608672e-01
7.100000e-01 6.846655e-01 1.282495e+00 2.488076e-01
7.200000e-01 6.914331e-01 1.267473e+00 2.370252e-01
7.300000e-01 6.981039e-01 1.252966e+00 2.255137e-01
7.400000e-01 7.046780e-01 1.238954e+00 2.142675e-01
7.500000e-01 7.111556e-01 1.225417e+00 2.032809e-01
7.600000e-01 7.175367e-01 1.212335e+00 1.925486e-01
7.700000e-01 7.238215e-01 1.199692e+00 1.820652e-01
7.800000e-01 7.300103e-01 1.187471e+00 1.718257e-01
7.900000e-01 7.361034e-01 1.175655e+00 1.618255e-01
8.000000e-01 7.421009e-01 1.164230e+00 1.520597e-01
8.100000e-01 7.480032e-01 1.153181e+00 1.425238e-01
8.200000e-01 7.538106e-01 1.142494e+00 1.332136e-01
8.300000e-01 7.595236e-01 1.132157e+00 1.241247e-01
8.400000e-01 7.651426e-01 1.122158e+00 1.152532e-01
8.500000e-01 7.706679e-01 1.112484e+00 1.065951e-01
8.600000e-01 7.761001e-01 1.103124e+00 9.814657e-02
8.700000e-01 7.814397e-01 1.094069e+00 8.990393e-02
8.800000e-01 7.866872e-01 1.085308e+00 8.186361e-02
8.900000e-01 7.918431e-01 1.076831e+00 7.402217e-02
9.000000e-01 7.969081e-01 1.068629e+00 6.637623e-02
9.100000e-01 8.018827e-01 1.060693e+00 5.892256e-02
9.200000e-01 8.067676e-01 1.053016e+00 5.165800e-02
9.300000e-01 8.115634e-01 1.045588e+00 4.457948e-02
9.400000e-01 8.162709e-01 1.038403e+00 3.768404e-02
9.500000e-01 8.208907e-01 1.031453e+00 3.096879e-02
9.600000e-01 8.254235e-01 1.024732e+00 2.443093e-02
9.700000e-01 8.298702e-01 1.018232e+00 1.806773e-02
9.800000e-01 8.342314e-01 1.011947e+00 1.187654e-02
9.900000e-01 8.385080e-01 1.005872e+00 5.854800e-03
1.000000e+00 8.427007e-01 1.000000e+00 -6.470322e-09
1.010000e+00 8.468104e-01 9.943259e-01 -5.690319e-03
1.020000e+00 8.508379e-01 9.888442e-01 -1.121850e-02
1.030000e+00 8.547841e-01 9.835500e-01 -1.658686e-02
1.040000e+00 8.586499e-01 9.784382e-01 -2.179766e-02
1.050000e+00 8.624360e-01 9.735043e-01 -2.685308e-02
1.060000e+00 8.661435e-01 9.687436e-01 -3.175526e-02
1.070000e+00 8.697732e-01 9.641520e-01 -3.650629e-02
1.080000e+00 8.733261e-01 9.597253e-01 -4.110818e-02
1.090000e+00 8.768031e-01 9.554595e-01 -4.556293e-02
1.100000e+00 8.802050e-01 9.513508e-01 -4.987245e-02
1.110000e+00 8.835330e-01 9.473955e-01 -5.403864e-02
1.120000e+00 8.867879e-01 9.435902e-01 -5.806334e-02
1.130000e+00 8.899707e-01 9.399314e-01 -6.194834e-02
1.140000e+00 8.930823e-01 9.364161e-01 -6.569540e-02
1.150000e+00 8.961239e-01 9.330409e-01 -6.930622e-02
1.160000e+00 8.990962e-01 9.298031e-01 -7.278248e-02
1.170000e+00 9.020004e-01 9.266996e-01 -7.612582e-02
1.180000e+00 9.048375e-01 9.237278e-01 -7.933783e-02
1.190000e+00 9.076083e-01 9.208850e-01 -8.242008e-02
1.200000e+00 9.103140e-01 9.181687e-01 -8.537410e-02
1.210000e+00 9.129556e-01 9.155765e-01 -8.820137e-02
1.220000e+00 9.155340e-01 9.131059e-01 -9.090337e-02
1.230000e+00 9.180502e-01 9.107549e-01 -9.348152e-02
1.240000e+00 9.205053e-01 9.085211e-01 -9.593722e-02
1.250000e+00 9.229002e-01 9.064025e-01 -9.827185e-02
1.260000e+00 9.252360e-01 9.043971e-01 -1.004867e-01
1.270000e+00 9.275137e-01 9.025031e-01 -1.025832e-01
1.280000e+00 9.297343e-01 9.007185e-01 -1.045625e-01
1.290000e+00 9.318987e-01 8.990416e-01 -1.064260e-01
1.300000e+00 9.340081e-01 8.974707e-01 -1.081748e-01
1.310000e+00 9.360632e-01 8.960042e-01 -1.098102e-01
1.320000e+00 9.380653e-01 8.946405e-01 -1.113334e-01
1.330000e+00 9.400152e-01 8.933781e-01 -1.127454e-01
1.340000e+00 9.419138e-01 8.922155e-01 -1.140476e-01
1.350000e+00 9.437623e-01 8.911514e-01 -1.152409e-01
1.360000e+00 9.455616e-01 8.901845e-01 -1.163265e-01
1.370000e+00 9.473125e-01 8.893135e-01 -1.173055e-01
1.380000e+00 9.490162e-01 8.885371e-01 -1.181788e-01
1.390000e+00 9.506734e-01 8.878543e-01 -1.189476e-01
1.400000e+00 9.522853e-01 8.872638e-01 -1.196129e-01
1.410000e+00 9.538526e-01 8.867647e-01 -1.201757e-01
1.420000e+00 9.553763e-01 8.863558e-01 -1.206368e-01
1.430000e+00 9.568574e-01 8.860362e-01 -1.209974e-01
1.440000e+00 9.582967e-01 8.858051e-01 -1.212584e-01
1.450000e+00 9.596952e-01 8.856614e-01 -1.214206e-01
1.460000e+00 9.610536e-01 8.856043e-01 -1.214850e-01
1.470000e+00 9.623730e-01 8.856331e-01 -1.214525e-01
1.480000e+00 9.636542e-01 8.857470e-01 -1.213240e-01
1.490000e+00 9.648980e-01 8.859451e-01 -1.211003e-01
1.500000e+00 9.661053e-01 8.862269e-01 -1.207822e-01
1.510000e+00 9.672769e-01 8.865917e-01 -1.203707e-01
1.520000e+00 9.684136e-01 8.870388e-01 -1.198666e-01
1.530000e+00 9.695163e-01 8.875676e-01 -1.192706e-01
1.540000e+00 9.705858e-01 8.881777e-01 -1.185835e-01
1.550000e+00 9.716228e-01 8.888683e-01 -1.178062e-01
1.560000e+00 9.726282e-01 8.896392e-01 -1.169393e-01
1.570000e+00 9.736027e-01 8.904897e-01 -1.159837e-01
1.580000e+00 9.745471e-01 8.914196e-01 -1.149401e-01
1.590000e+00 9.754621e-01 8.924282e-01 -1.138092e-01
1.600000e+00 9.763485e-01 8.935153e-01 -1.125918e-01
1.610000e+00 9.772069e-01 8.946806e-01 -1.112885e-01
1.620000e+00 9.780381e-01 8.959237e-01 -1.099001e-01
1.630000e+00 9.788429e-01 8.972442e-01 -1.084272e-01
1.640000e+00 9.796218e-01 8.986420e-01 -1.068705e-01
1.650000e+00 9.803756e-01 9.001168e-01 -1.052307e-01
1.660000e+00 9.811050e-01 9.016684e-01 -1.035085e-01
1.670000e+00 9.818105e-01 9.032965e-01 -1.017044e-01
1.680000e+00 9.824928e-01 9.050010e-01 -9.981920e-02
1.690000e+00 9.831526e-01 9.067818e-01 -9.785342e-02
1.700000e+00 9.837905e-01 9.086387e-01 -9.580770e-02
1.710000e+00 9.844070e-01 9.105717e-01 -9.368266e-02
1.720000e+00 9.850028e-01 9.125806e-01 -9.147890e-02
1.730000e+00 9.855785e-01 9.146654e-01 -8.919700e-02
1.740000e+00 9.861346e-01 9.168260e-01 -8.683755e-02
1.750000e+00 9.866717e-01 9.190625e-01 -8.440113e-02
1.760000e+00 9.871903e-01 9.213749e-01 -8.188829e-02
1.770000e+00 9.876909e-01 9.237631e-01 -7.929960e-02
1.780000e+00 9.881742e-01 9.262273e-01 -7.663561e-02
1.790000e+00 9.886405e-01 9.287675e-01 -7.389686e-02
1.800000e+00 9.890905e-01 9.313838e-01 -7.108388e-02
1.810000e+00 9.895245e-01 9.340763e-01 -6.819720e-02
1.820000e+00 9.899431e-01 9.368451e-01 -6.523735e-02
1.830000e+00 9.903467e-01 9.396904e-01 -6.220483e-02
1.840000e+00 9.907359e-01 9.426124e-01 -5.910016e-02
1.850000e+00 9.911110e-01 9.456112e-01 -5.592382e-02
1.860000e+00 9.914724e-01 9.486870e-01 -5.267632e-02
1.870000e+00 9.918207e-01 9.518402e-01 -4.935814e-02
1.880000e+00 9.921561e-01 9.550709e-01 -4.596976e-02
1.890000e+00 9.924792e-01 9.583793e-01 -4.251165e-02
1.900000e+00 9.927903e-01 9.617658e-01 -3.898428e-02
1.910000e+00 9.930898e-01 9.652307e-01 -3.538812e-02
1.920000e+00 9.933781e-01 9.687743e-01 -3.172361e-02
1.930000e+00 9.936555e-01 9.723969e-01 -2.799121e-02
1.940000e+00 9.939225e-01 9.760989e-01 -2.419136e-02
1.950000e+00 9.941792e-01 9.798807e-01 -2.032451e-02
1.960000e+00 9.944262e-01 9.837425e-01 -1.639107e-02
1.970000e+00 9.946636e-01 9.876850e-01 -1.239148e-02
1.980000e+00 9.948919e-01 9.917084e-01 -8.326164e-03
1.990000e+00 9.951113e-01 9.958133e-01 -4.195536e-03
2.000000e+00 9.953221e-01 1.000000e+00 -6.470489e-09
2.010000e+00 9.955247e-01 1.004269e+00 4.260012e-03
2.020000e+00 9.957193e-01 1.008621e+00 8.584127e-03
2.030000e+00 9.959062e-01 1.013056e+00 1.297194e-02
2.040000e+00 9.960857e-01 1.017576e+00 1.742305e-02
2.050000e+00 9.962580e-01 1.022179e+00 2.193708e-02
2.060000e+00 9.964233e-01 1.026868e+00 2.651364e-02
2.070000e+00 9.965820e-01 1.031643e+00 3.115236e-02
2.080000e+00 9.967343e-01 1.036503e+00 3.585286e-02
2.090000e+00 9.968803e-01 1.041451e+00 4.061477e-02
2.100000e+00 9.970204e-01 1.046486e+00 4.543773e-02
2.110000e+00 9.971547e-01 1.051609e+00 5.032137e-02
2.120000e+00 9.972835e-01 1.056821e+00 5.526534e-02
2.130000e+00 9.974069e-01 1.062123e+00 6.026929e-02
2.140000e+00 9.975252e-01 1.067514e+00 6.533287e-02
2.150000e+00 9.976385e-01 1.072997e+00 7.045572e-02
2.160000e+00 9.977470e-01 1.078572e+00 7.563752e-02
2.170000e+00 9.978510e-01 1.084239e+00 8.087793e-02
2.180000e+00 9.979505e-01 1.089999e+00 8.617660e-02
2.190000e+00 9.980458e-01 1.095853e+00 9.153322e-02
2.200000e+00 9.981370e-01 1.101802e+00 9.694746e-02
2.210000e+00 9.982243e-01 1.107848e+00 1.024190e-01
2.220000e+00 9.983078e-01 1.113989e+00 1.079475e-01
2.230000e+00 9.983877e-01 1.120228e+00 1.135326e-01
2.240000e+00 9.984641e-01 1.126566e+00 1.191742e-01
2.250000e+00 9.985372e-01 1.133003e+00 1.248717e-01
2.260000e+00 9.986070e-01 1.139540e+00 1.306250e-01
2.270000e+00 9.986737e-01 1.146179e+00 1.364337e-01
2.280000e+00 9.987375e-01 1.152920e+00 1.422975e-01
2.290000e+00 9.987985e-01 1.159764e+00 1.482162e-01
2.300000e+00 9.988567e-01 1.166712e+00 1.541894e-01
2.310000e+00 9.989123e-01 1.173765e+00 1.602169e-01
2.320000e+00 9.989654e-01 1.180925e+00 1.662984e-01
2.330000e+00 9.990161e-01 1.188193e+00 1.724335e-01
2.340000e+00 9.990645e-01 1.195569e+00 1.786220e-01
2.350000e+00 9.991106e-01 1.203054e+00 1.848637e-01
2.360000e+00 9.991547e-01 1.210651e+00 1.911582e-01
2.370000e+00 9.991967e-01 1.218360e+00 1.975053e-01
2.380000e+00 9.992368e-01 1.226181e+00 2.039047e-01
2.390000e+00 9.992750e-01 1.234117e+00 2.103561e-01
2.400000e+00 9.993114e-01 1.242169e+00 2.168593e-01
2.410000e+00 9.993461e-01 1.250338e+00 2.234140e-01
2.420000e+00 9.993792e-01 1.258625e+00 2.300200e-01
2.430000e+00 9.994107e-01 1.267032e+00 2.366770e-01
2.440000e+00 9.994407e-01 1.275559e+00 2.433847e-01
2.450000e+00 9.994693e-01 1.284209e+00 2.501430e-01
2.460000e+00 9.994966e-01 1.292982e+00 2.569514e-01
2.470000e+00 9.995225e-01 1.301881e+00 2.638099e-01
2.480000e+00 9.995471e-01 1.310906e+00 2.707181e-01
2.490000e+00 9.995706e-01 1.320058e+00 2.776759e-01
2.500000e+00 9.995930e-01 1.329340e+00 2.846829e-01
2.510000e+00 9.996142e-01 1.338753e+00 2.917389e-01
2.520000e+00 9.996344e-01 1.348299e+00 2.988438e-01
2.530000e+00 9.996536e-01 1.357978e+00 3.059972e-01
2.540000e+00 9.996719e-01 1.367794e+00 3.131989e-01
2.550000e+00 9.996893e-01 1.377746e+00 3.204488e-01
2.560000e+00 9.997058e-01 1.387837e+00 3.277465e-01
2.570000e+00 9.997214e-01 1.398069e+00 3.350919e-01
2.580000e+00 9.997363e-01 1.408443e+00 3.424848e-01
2.590000e+00 9.997505e-01 1.418961e+00 3.499248e-01
2.600000e+00 9.997639e-01 1.429625e+00 3.574119e-01
2.610000e+00 9.997766e-01 1.440436e+00 3.649457e-01
2.620000e+00 9.997887e-01 1.451396e+00 3.725261e-01
2.630000e+00 9.998002e-01 1.462508e+00 3.801528e-01
2.640000e+00 9.998111e-01 1.473773e+00 3.878257e-01
2.650000e+00 9.998215e-01 1.485193e+00 3.955446e-01
2.660000e+00 9.998313e-01 1.496769e+00 4.033091e-01
2.670000e+00 9.998405e-01 1.508505e+00 4.111192e-01
2.680000e+00 9.998494e-01 1.520402e+00 4.189746e-01
2.690000e+00 9.998577e-01 1.532461e+00 4.268751e-01
2.700000e+00 9.998656e-01 1.544686e+00 4.348205e-01
2.710000e+00 9.998731e-01 1.557078e+00 4.428107e-01
2.720000e+00 9.998802e-01 1.569639e+00 4.508454e-01
2.730000e+00 9.998869e-01 1.582371e+00 4.589244e-01
2.740000e+00 9.998933e-01 1.595277e+00 4.670476e-01
2.750000e+00 9.998993e-01 1.608359e+00 4.752147e-01
2.760000e+00 9.999050e-01 1.621620e+00 4.834255e-01
2.770000e+00 9.999104e-01 1.635061e+00 4.916799e-01
2.780000e+00 9.999156e-01 1.648685e+00 4.999778e-01
2.790000e+00 9.999204e-01 1.662494e+00 5.083188e-01
2.800000e+00 9.999250e-01 1.676491e+00 5.167028e-01
2.810000e+00 9.999293e-01 1.690678e+00 5.251296e-01
2.820000e+00 9.999334e-01 1.705058e+00 5.335992e-01
2.830000e+00 9.999372e-01 1.719633e+00 5.421111e-01
2.840000e+00 9.999409e-01 1.734407e+00 5.506654e-01
2.850000e+00 9.999443e-01 1.749381e+00 5.592618e-01
2.860000e+00 9.999476e-01 1.764558e+00 5.679002e-01
2.870000e+00 9.999506e-01 1.779941e+00 5.765803e-01
2.880000e+00 9.999536e-01 1.795533e+00 5.853020e-01
2.890000e+00 9.999563e-01 1.811337e+00 5.940652e-01
2.900000e+00 9.999589e-01 1.827355e+00 6.028696e-01
2.910000e+00 9.999613e-01 1.843591e+00 6.117151e-01
2.920000e+00 9.999636e-01 1.860047e+00 6.206016e-01
2.930000e+00 9.999658e-01 1.876726e+00 6.295288e-01
2.940000e+00 9.999678e-01 1.893632e+00 6.384966e-01
2.950000e+00 9.999698e-01 1.910767e+00 6.475049e-01
2.960000e+00 9.999716e-01 1.928135e+00 6.565534e-01
2.970000e+00 9.999733e-01 1.945739e+00 6.656421e-01
2.980000e+00 9.999749e-01 1.963583e+00 6.747707e-01
2.990000e+00 9.999765e-01 1.981668e+00 6.839391e-01
3.000000e+00 9.999779e-01 2.000000e+00 6.931472e-01
3.010000e+00 9.999792e-01 2.018581e+00 7.023947e-01
3.020000e+00 9.999805e-01 2.037415e+00 7.116816e-01
3.030000e+00 9.999817e-01 2.056505e+00 7.210077e-01
3.040000e+00 9.999828e-01 2.075854e+00 7.303729e-01
3.050000e+00 9.999839e-01 2.095468e+00 7.397769e-01
3.060000e+00 9.999849e-01 2.115349e+00 7.492196e-01
3.070000e+00 9.999858e-01 2.135500e+00 7.587010e-01
3.080000e+00 9.999867e-01 2.155927e+00 7.682208e-01
3.090000e+00 9.999876e-01 2.176632e+00 7.777788e-01
3.100000e+00 9.999883e-01 2.197620e+00 7.873751e-01
3.110000e+00 9.999891e-01 2.218895e+00 7.970093e-01
3.120000e+00 9.999898e-01 2.240461e+00 8.066814e-01
3.130000e+00 9.999904e-01 2.262321e+00 8.163913e-01
3.140000e+00 9.999910e-01 2.284481e+00 8.261387e-01
3.150000e+00 9.999916e-01 2.306944e+00 8.359236e-01
3.160000e+00 9.999921e-01 2.329715e+00 8.457457e-01
3.170000e+00 9.999926e-01 2.352798e+00 8.556051e-01
3.180000e+00 9.999931e-01 2.376197e+00 8.655015e-01
3.190000e+00 9.999936e-01 2.399918e+00 8.754348e-01
3.200000e+00 9.999940e-01 2.423965e+00 8.854048e-01
3.210000e+00 9.999944e-01 2.448343e+00 8.954115e-01
3.220000e+00 9.999947e-01 2.473056e+00 9.054547e-01
3.230000e+00 9.999951e-01 2.498109e+00 9.155342e-01
3.240000e+00 9.999954e-01 2.523508e+00 9.256500e-01
3.250000e+00 9.999957e-01 2.549257e+00 9.358019e-01
3.260000e+00 9.999960e-01 2.575361e+00 9.459898e-01
3.270000e+00 9.999962e-01 2.601826e+00 9.562135e-01
3.280000e+00 9.999965e-01 2.628657e+00 9.664730e-01
3.290000e+00 9.999967e-01 2.655859e+00 9.767680e-01
3.300000e+00 9.999969e-01 2.683437e+00 9.870986e-01
3.310000e+00 9.999971e-01 2.711398e+00 9.974644e-01
3.320000e+00 9.999973e-01 2.739747e+00 1.007866e+00
3.330000e+00 9.999975e-01 2.768489e+00 1.018302e+00
3.340000e+00 9.999977e-01 2.797631e+00 1.028773e+00
3.350000e+00 9.999978e-01 2.827178e+00 1.039279e+00
3.360000e+00 9.999980e-01 2.857136e+00 1.049820e+00
3.370000e+00 9.999981e-01 2.887512e+00 1.060395e+00
3.380000e+00 9.999982e-01 2.918311e+00 1.071005e+00
3.390000e+00 9.999984e-01 2.949541e+00 1.081649e+00
3.400000e+00 9.999985e-01 2.981206e+00 1.092328e+00
3.410000e+00 9.999986e-01 3.013315e+00 1.103041e+00
3.420000e+00 9.999987e-01 3.045873e+00 1.113788e+00
3.430000e+00 9.999988e-01 3.078887e+00 1.124568e+00
3.440000e+00 9.999989e-01 3.112365e+00 1.135383e+00
3.450000e+00 9.999989e-01 3.146312e+00 1.146231e+00
3.460000e+00 9.999990e-01 3.180737e+00 1.157113e+00
3.470000e+00 9.999991e-01 3.215645e+00 1.168028e+00
3.480000e+00 9.999991e-01 3.251046e+00 1.178977e+00
3.490000e+00 9.999992e-01 3.286945e+00 1.189959e+00
3.500000e+00 9.999993e-01 3.323351e+00 1.200974e+00
3.510000e+00 9.999993e-01 3.360271e+00 1.212022e+00
3.520000e+00 9.999994e-01 3.397713e+00 1.223103e+00
3.530000e+00 9.999994e-01 3.435686e+00 1.234216e+00
3.540000e+00 9.999994e-01 3.474196e+00 1.245363e+00
3.550000e+00 9.999995e-01 3.513252e+00 1.256542e+00
3.560000e+00 9.999995e-01 3.552863e+00 1.267754e+00
3.570000e+00 9.999996e-01 3.593037e+00 1.278998e+00
3.580000e+00 9.999996e-01 3.633783e+00 1.290274e+00
3.590000e+00 9.999996e-01 3.675109e+00 1.301583e+00
3.600000e+00 9.999996e-01 3.717024e+00 1.312923e+00
3.610000e+00 9.999997e-01 3.759537e+00 1.324296e+00
3.620000e+00 9.999997e-01 3.802658e+00 1.335700e+00
3.630000e+00 9.999997e-01 3.846396e+00 1.347137e+00
3.640000e+00 9.999997e-01 3.890761e+00 1.358605e+00
3.650000e+00 9.999998e-01 3.935761e+00 1.370104e+00
3.660000e+00 9.999998e-01 3.981407e+00 1.381635e+00
3.670000e+00 9.999998e-01 4.027709e+00 1.393198e+00
3.680000e+00 9.999998e-01 4.074677e+00 1.404791e+00
3.690000e+00 9.999998e-01 4.122321e+00 1.416416e+00
3.700000e+00 9.999998e-01 4.170652e+00 1.428072e+00
3.710000e+00 9.999998e-01 4.219680e+00 1.439759e+00
3.720000e+00 9.999999e-01 4.269417e+00 1.451477e+00
3.730000e+00 9.999999e-01 4.319873e+00 1.463226e+00
3.740000e+00 9.999999e-01 4.371060e+00 1.475005e+00
3.750000e+00 9.999999e-01 4.422988e+00 1.486816e+00
3.760000e+00 9.999999e-01 4.475671e+00 1.498656e+00
3.770000e+00 9.999999e-01 4.529118e+00 1.510527e+00
3.780000e+00 9.999999e-01 4.583343e+00 1.522429e+00
3.790000e+00 9.999999e-01 4.638358e+00 1.534360e+00
3.800000e+00 9.999999e-01 4.694174e+00 1.546322e+00
3.810000e+00 9.999999e-01 4.750805e+00 1.558314e+00
3.820000e+00 9.999999e-01 4.808264e+00 1.570336e+00
3.830000e+00 9.999999e-01 4.866563e+00 1.582388e+00
3.840000e+00 9.999999e-01 4.925715e+00 1.594469e+00
3.850000e+00 9.999999e-01 4.985735e+00 1.606581e+00
3.860000e+00 1.000000e+00 5.046636e+00 1.618722e+00
3.870000e+00 1.000000e+00 5.108431e+00 1.630892e+00
3.880000e+00 1.000000e+00 5.171136e+00 1.643092e+00
3.890000e+00 1.000000e+00 5.234764e+00 1.655322e+00
3.900000e+00 1.000000e+00 5.299330e+00 1.667580e+00
3.910000e+00 1.000000e+00 5.364849e+00 1.679868e+00
3.920000e+00 1.000000e+00 5.431336e+00 1.692185e+00
3.930000e+00 1.000000e+00 5.498807e+00 1.704531e+00
3.940000e+00 1.000000e+00 5.567278e+00 1.716906e+00
3.950000e+00 1.000000e+00 5.636763e+00 1.729310e+00
3.960000e+00 1.000000e+00 5.707281e+00 1.741743e+00
3.970000e+00 1.000000e+00 5.778846e+00 1.754204e+00
3.980000e+00 1.000000e+00 5.851476e+00 1.766694e+00
3.990000e+00 1.000000e+00 5.925188e+00 1.779212e+00
4.000000e+00 1.000000e+00 6.000000e+00 1.791759e+00
4.010000e+00 1.000000e+00 6.075929e+00 1.804335e+00
4.020000e+00 1.000000e+00 6.152992e+00 1.816938e+00
4.030000e+00 1.000000e+00 6.231209e+00 1.829570e+00
4.040000e+00 1.000000e+00 6.310598e+00 1.842230e+00
4.050000e+00 1.000000e+00 6.391177e+00 1.854918e+00
4.060000e+00 1.000000e+00 6.472967e+00 1.867635e+00
4.070000e+00 1.000000e+00 6.555986e+00 1.880379e+00
4.080000e+00 1.000000e+00 6.640255e+00 1.893150e+00
4.090000e+00 1.000000e+00 6.725794e+00 1.905950e+00
4.100000e+00 1.000000e+00 6.812623e+00 1.918777e+00
4.110000e+00 1.000000e+00 6.900763e+00 1.931632e+00
4.120000e+00 1.000000e+00 6.990237e+00 1.944514e+00
4.130000e+00 1.000000e+00 7.081065e+00 1.957424e+00
4.140000e+00 1.000000e+00 7.173269e+00 1.970361e+00
4.150000e+00 1.000000e+00 7.266873e+00 1.983326e+00
4.160000e+00 1.000000e+00 7.361898e+00 1.996318e+00
4.170000e+00 1.000000e+00 7.458369e+00 2.009337e+00
4.180000e+00 1.000000e+00 7.556308e+00 2.022383e+00
4.190000e+00 1.000000e+00 7.655740e+00 2.035456e+00
4.200000e+00 1.000000e+00 7.756690e+00 2.048556e+00
4.210000e+00 1.000000e+00 7.859181e+00 2.061682e+00
4.220000e+00 1.000000e+00 7.963241e+00 2.074836e+00
4.230000e+00 1.000000e+00 8.068894e+00 2.088016e+00
4.240000e+00 1.000000e+00 8.176166e+00 2.101223e+00
4.250000e+00 1.000000e+00 8.285085e+00 2.114457e+00
4.260000e+00 1.000000e+00 8.395678e+00 2.127717e+00
4.270000e+00 1.000000e+00 8.507971e+00 2.141004e+00
4.280000e+00 1.000000e+00 8.621994e+00 2.154316e+00
4.290000e+00 1.000000e+00 8.737775e+00 2.167656e+00
4.300000e+00 1.000000e+00 8.855343e+00 2.181021e+00
4.310000e+00 1.000000e+00 8.974728e+00 2.194413e+00
4.320000e+00 1.000000e+00 9.095960e+00 2.207830e+00
4.330000e+00 1.000000e+00 9.219069e+00 2.221274e+00
4.340000e+00 1.000000e+00 9.344087e+00 2.234744e+00
4.350000e+00 1.000000e+00 9.471046e+00 2.248239e+00
4.360000e+00 1.000000e+00 9.599978e+00 2.261761e+00
4.370000e+00 1.000000e+00 9.730916e+00 2.275308e+00
4.380000e+00 1.000000e+00 9.863893e+00 2.288881e+00
4.390000e+00 1.000000e+00 9.998943e+00 2.302479e+00
4.400000e+00 1.000000e+00 1.013610e+01 2.316103e+00
4.410000e+00 1.000000e+00 1.027540e+01 2.329753e+00
4.420000e+00 1.000000e+00 1.041689e+01 2.343428e+00
4.430000e+00 1.000000e+00 1.056058e+01 2.357129e+00
4.440000e+00 1.000000e+00 1.070653e+01 2.370854e+00
4.450000e+00 1.000000e+00 1.085478e+01 2.384605e+00
4.460000e+00 1.000000e+00 1.100535e+01 2.398381e+00
4.470000e+00 1.000000e+00 1.115829e+01 2.412183e+00
4.480000e+00 1.000000e+00 1.131364e+01 2.426009e+00
4.490000e+00 1.000000e+00 1.147144e+01 2.439860e+00
4.500000e+00 1.000000e+00 1.163173e+01 2.453737e+00
4.510000e+00 1.000000e+00 1.179455e+01 2.467638e+00
4.520000e+00 1.000000e+00 1.195995e+01 2.481564e+00
4.530000e+00 1.000000e+00 1.212797e+01 2.495514e+00
4.540000e+00 1.000000e+00 1.229865e+01 2.509490e+00
4.550000e+00 1.000000e+00 1.247205e+01 2.523490e+00
4.560000e+00 1.000000e+00 1.264819e+01 2.537514e+00
4.570000e+00 1.000000e+00 1.282714e+01 2.551563e+00
4.580000e+00 1.000000e+00 1.300894e+01 2.565637e+00
4.590000e+00 1.000000e+00 1.319364e+01 2.579735e+00
4.600000e+00 1.000000e+00 1.338129e+01 2.593857e+00
4.610000e+00 1.000000e+00 1.357193e+01 2.608004e+00
4.620000e+00 1.000000e+00 1.376562e+01 2.622174e+00
4.630000e+00 1.000000e+00 1.396242e+01 2.636369e+00
4.640000e+00 1.000000e+00 1.416237e+01 2.650588e+00
4.650000e+00 1.000000e+00 1.436553e+01 2.664831e+00
4.660000e+00 1.000000e+00 1.457195e+01 2.679098e+00
4.670000e+00 1.000000e+00 1.478169e+01 2.693389e+00
4.680000e+00 1.000000e+00 1.499481e+01 2.707704e+00
4.690000e+00 1.000000e+00 1.521136e+01 2.722043e+00
4.700000e+00 1.000000e+00 1.543141e+01 2.736405e+00
4.710000e+00 1.000000e+00 1.565501e+01 2.750791e+00
4.720000e+00 1.000000e+00 1.588223e+01 2.765201e+00
4.730000e+00 1.000000e+00 1.611313e+01 2.779634e+00
4.740000e+00 1.000000e+00 1.634776e+01 2.794091e+00
4.750000e+00 1.000000e+00 1.658621e+01 2.808571e+00
4.760000e+00 1.000000e+00 1.682852e+01 2.823075e+00
4.770000e+00 1.000000e+00 1.707478e+01 2.837602e+00
4.780000e+00 1.000000e+00 1.732504e+01 2.852153e+00
4.790000e+00 1.000000e+00 1.757938e+01 2.866726e+00
4.800000e+00 1.000000e+00 1.783786e+01 2.881323e+00
4.810000e+00 1.000000e+00 1.810057e+01 2.895943e+00
4.820000e+00 1.000000e+00 1.836757e+01 2.910586e+00
4.830000e+00 1.000000e+00 1.863893e+01 2.925253e+00
4.840000e+00 1.000000e+00 1.891475e+01 2.939942e+00
4.850000e+00 1.000000e+00 1.919508e+01 2.954654e+00
4.860000e+00 1.000000e+00 1.948001e+01 2.969389e+00
4.870000e+00 1.000000e+00 1.976963e+01 2.984147e+00
4.880000e+00 1.000000e+00 2.006401e+01 2.998927e+00
4.890000e+00 1.000000e+00 2.036323e+01 3.013731e+00
4.900000e+00 1.000000e+00 2.066739e+01 3.028557e+00
4.910000e+00 1.000000e+00 2.097656e+01 3.043406e+00
4.920000e+00 1.000000e+00 2.129084e+01 3.058277e+00
4.930000e+00 1.000000e+00 2.161031e+01 3.073171e+00
4.940000e+00 1.000000e+00 2.193507e+01 3.088087e+00
4.950000e+00 1.000000e+00 2.226522e+01 3.103026e+00
4.960000e+00 1.000000e+00 2.260083e+01 3.117987e+00
4.970000e+00 1.000000e+00 2.294202e+01 3.132970e+00
4.980000e+00 1.000000e+00 2.328888e+01 3.147976e+00
4.990000e+00 1.000000e+00 2.364150e+01 3.163004e+00
5.000000e+00 1.000000e+00 2.400000e+01 3.178054e+00
5.010000e+00 1.000000e+00 2.436447e+01 3.193126e+00
5.020000e+00 1.000000e+00 2.473503e+01 3.208220e+00
5.030000e+00 1.000000e+00 2.511177e+01 3.223337e+00
5.040000e+00 1.000000e+00 2.549481e+01 3.238475e+00
5.050000e+00 1.000000e+00 2.588427e+01 3.253635e+00
5.060000e+00 1.000000e+00 2.628025e+01 3.268818e+00
5.070000e+00 1.000000e+00 2.668286e+01 3.284022e+00
5.080000e+00 1.000000e+00 2.709224e+01 3.299247e+00
5.090000e+00 1.000000e+00 2.750850e+01 3.314495e+00
5.100000e+00 1.000000e+00 2.793175e+01 3.329764e+00
5.110000e+00 1.000000e+00 2.836214e+01 3.345055e+00
5.120000e+00 1.000000e+00 2.879978e+01 3.360368e+00
5.130000e+00 1.000000e+00 2.924480e+01 3.375702e+00
5.140000e+00 1.000000e+00 2.969733e+01 3.391057e+00
5.150000e+00 1.000000e+00 3.015752e+01 3.406434e+00
5.160000e+00 1.000000e+00 3.062550e+01 3.421833e+00
5.170000e+00 1.000000e+00 3.110140e+01 3.437253e+00
5.180000e+00 1.000000e+00 3.158537e+01 3.452694e+00
5.190000e+00 1.000000e+00 3.207755e+01 3.468156e+00
5.200000e+00 1.000000e+00 3.257810e+01 3.483640e+00
5.210000e+00 1.000000e+00 3.308715e+01 3.499145e+00
5.220000e+00 1.000000e+00 3.360488e+01 3.514671e+00
5.230000e+00 1.000000e+00 3.413142e+01 3.530218e+00
5.240000e+00 1.000000e+00 3.466694e+01 3.545787e+00
5.250000e+00 1.000000e+00 3.521161e+01 3.561376e+00
5.260000e+00 1.000000e+00 3.576559e+01 3.576986e+00
5.270000e+00 1.000000e+00 3.632904e+01 3.592617e+00
5.280000e+00 1.000000e+00 3.690214e+01 3.608269e+00
5.290000e+00 1.000000e+00 3.748506e+01 3.623942e+00
5.300000e+00 1.000000e+00 3.807798e+01 3.639636e+00
5.310000e+00 1.000000e+00 3.868108e+01 3.655351e+00
5.320000e+00 1.000000e+00 3.929455e+01 3.671086e+00
5.330000e+00 1.000000e+00 3.991857e+01 3.686842e+00
5.340000e+00 1.000000e+00 4.055334e+01 3.702618e+00
5.350000e+00 1.000000e+00 4.119905e+01 3.718415e+00
5.360000e+00 1.000000e+00 4.185590e+01 3.734233e+00
5.370000e+00 1.000000e+00 4.252410e+01 3.750071e+00
5.380000e+00 1.000000e+00 4.320385e+01 3.765930e+00
5.390000e+00 1.000000e+00 4.389536e+01 3.781809e+00
5.400000e+00 1.000000e+00 4.459885e+01 3.797708e+00
5.410000e+00 1.000000e+00 4.531453e+01 3.813628e+00
5.420000e+00 1.000000e+00 4.604264e+01 3.829568e+00
5.430000e+00 1.000000e+00 4.678338e+01 3.845528e+00
5.440000e+00 1.000000e+00 4.753701e+01 3.861509e+00
5.450000e+00 1.000000e+00 4.830376e+01 3.877509e+00
5.460000e+00 1.000000e+00 4.908385e+01 3.893530e+00
5.470000e+00 1.000000e+00 4.987755e+01 3.909571e+00
5.480000e+00 1.000000e+00 5.068510e+01 3.925632e+00
5.490000e+00 1.000000e+00 5.150676e+01 3.941713e+00
5.500000e+00 1.000000e+00 5.234278e+01 3.957814e+00
5.510000e+00 1.000000e+00 5.319343e+01 3.973935e+00
5.520000e+00 1.000000e+00 5.405898e+01 3.990076e+00
5.530000e+00 1.000000e+00 5.493970e+01 4.006236e+00
5.540000e+00 1.000000e+00 5.583588e+01 4.022417e+00
5.550000e+00 1.000000e+00 5.674781e+01 4.038617e+00
5.560000e+00 1.000000e+00 5.767576e+01 4.054837e+00
5.570000e+00 1.000000e+00 5.862004e+01 4.071077e+00
5.580000e+00 1.000000e+00 5.958095e+01 4.087336e+00
5.590000e+00 1.000000e+00 6.055881e+01 4.103615e+00
5.600000e+00 1.000000e+00 6.155392e+01 4.119913e+00
5.610000e+00 1.000000e+00 6.256660e+01 4.136232e+00
5.620000e+00 1.000000e+00 6.359718e+01 4.152569e+00
5.630000e+00 1.000000e+00 6.464600e+01 4.168926e+00
5.640000e+00 1.000000e+00 6.571339e+01 4.185303e+00
5.650000e+00 1.000000e+00 6.679970e+01 4.201699e+00
5.660000e+00 1.000000e+00 6.790528e+01 4.218114e+00
5.670000e+00 1.000000e+00 6.903050e+01 4.234548e+00
5.680000e+00 1.000000e+00 7.017571e+01 4.251002e+00
5.690000e+00 1.000000e+00 7.134130e+01 4.267475e+00
5.700000e+00 1.000000e+00 7.252763e+01 4.283968e+00
5.710000e+00 1.000000e+00 7.373511e+01 4.300479e+00
5.720000e+00 1.000000e+00 7.496413e+01 4.317010e+00
5.730000e+00 1.000000e+00 7.621509e+01 4.333559e+00
5.740000e+00 1.000000e+00 7.748840e+01 4.350128e+00
5.750000e+00 1.000000e+00 7.878448e+01 4.366716e+00
5.760000e+00 1.000000e+00 8.010376e+01 4.383323e+00
5.770000e+00 1.000000e+00 8.144668e+01 4.399949e+00
5.780000e+00 1.000000e+00 8.281368e+01 4.416593e+00
5.790000e+00 1.000000e+00 8.420521e+01 4.433257e+00
5.800000e+00 1.000000e+00 8.562174e+01 4.449939e+00
5.810000e+00 1.000000e+00 8.706373e+01 4.466640e+00
5.820000e+00 1.000000e+00 8.853167e+01 4.483360e+00
5.830000e+00 1.000000e+00 9.002605e+01 4.500099e+00
5.840000e+00 1.000000e+00 9.154737e+01 4.516857e+00
5.850000e+00 1.000000e+00 9.309614e+01 4.533633e+00
5.860000e+00 1.000000e+00 9.467286e+01 4.550427e+00
5.870000e+00 1.000000e+00 9.627809e+01 4.567241e+00
5.880000e+00 1.000000e+00 9.791235e+01 4.584073e+00
5.890000e+00 1.000000e+00 9.957620e+01 4.600923e+00
5.900000e+00 1.000000e+00 1.012702e+02 4.617792e+00
5.910000e+00 1.000000e+00 1.029949e+02 4.634680e+00
5.920000e+00 1.000000e+00 1.047509e+02 4.651585e+00
5.930000e+00 1.000000e+00 1.065388e+02 4.668510e+00
5.940000e+00 1.000000e+00 1.083593e+02 4.685452e+00
5.950000e+00 1.000000e+00 1.102128e+02 4.702413e+00
5.960000e+00 1.000000e+00 1.121001e+02 4.719392e+00
5.970000e+00 1.000000e+00 1.140218e+02 4.736390e+00
5.980000e+00 1.000000e+00 1.159786e+02 4.753406e+00
5.990000e+00 1.000000e+00 1.179711e+02 4.770440e+00
6.000000e+00 1.000000e+00 1.200000e+02 4.787492e+00
6.010000e+00 1.000000e+00 1.220660e+02 4.804562e+00
6.020000e+00 1.000000e+00 1.241698e+02 4.821650e+00
6.030000e+00 1.000000e+00 1.263122e+02 4.838757e+00
6.040000e+00 1.000000e+00 1.284939e+02 4.855881e+00
6.050000e+00 1.000000e+00 1.307156e+02 4.873024e+00
6.060000e+00 1.000000e+00 1.329780e+02 4.890184e+00
6.070000e+00 1.000000e+00 1.352821e+02 4.907362e+00
6.080000e+00 1.000000e+00 1.376286e+02 4.924559e+00
6.090000e+00 1.000000e+00 1.400182e+02 4.941773e+00
6.100000e+00 1.000000e+00 1.424519e+02 4.959005e+00
6.110000e+00 1.000000e+00 1.449305e+02 4.976254e+00
6.120000e+00 1.000000e+00 1.474549e+02 4.993522e+00
6.130000e+00 1.000000e+00 1.500258e+02 5.010807e+00
6.140000e+00 1.000000e+00 1.526443e+02 5.028110e+00
6.150000e+00 1.000000e+00 1.553112e+02 5.045431e+00
6.160000e+00 1.000000e+00 1.580276e+02 5.062769e+00
6.170000e+00 1.000000e+00 1.607942e+02 5.080125e+00
6.180000e+00 1.000000e+00 1.636122e+02 5.097499e+00
6.190000e+00 1.000000e+00 1.664825e+02 5.114890e+00
6.200000e+00 1.000000e+00 1.694061e+02 5.132299e+00
6.210000e+00 1.000000e+00 1.723841e+02 5.149725e+00
6.220000e+00 1.000000e+00 1.754175e+02 5.167169e+00
6.230000e+00 1.000000e+00 1.785073e+02 5.184630e+00
6.240000e+00 1.000000e+00 1.816548e+02 5.202108e+00
6.250000e+00 1.000000e+00 1.848610e+02 5.219604e+00
6.260000e+00 1.000000e+00 1.881270e+02 5.237117e+00
6.270000e+00 1.000000e+00 1.914540e+02 5.254648e+00
6.280000e+00 1.000000e+00 1.948433e+02 5.272196e+00
6.290000e+00 1.000000e+00 1.982959e+02 5.289761e+00
6.300000e+00 1.000000e+00 2.018133e+02 5.307343e+00
6.310000e+00 1.000000e+00 2.053965e+02 5.324942e+00
6.320000e+00 1.000000e+00 2.090470e+02 5.342559e+00
6.330000e+00 1.000000e+00 2.127660e+02 5.360193e+00
6.340000e+00 1.000000e+00 2.165548e+02 5.377844e+00
6.350000e+00 1.000000e+00 2.204149e+02 5.395512e+00
6.360000e+00 1.000000e+00 2.243476e+02 5.413197e+00
6.370000e+00 1.000000e+00 2.283544e+02 5.430899e+00
6.380000e+00 1.000000e+00 2.324367e+02 5.448618e+00
6.390000e+00 1.000000e+00 2.365960e+02 5.466354e+00
6.400000e+00 1.000000e+00 2.408338e+02 5.484107e+00
6.410000e+00 1.000000e+00 2.451516e+02 5.501877e+00
6.420000e+00 1.000000e+00 2.495511e+02 5.519664e+00
6.430000e+00 1.000000e+00 2.540338e+02 5.537467e+00
6.440000e+00 1.000000e+00 2.586014e+02 5.555288e+00
6.450000e+00 1.000000e+00 2.632555e+02 5.573125e+00
6.460000e+00 1.000000e+00 2.679978e+02 5.590979e+00
6.470000e+00 1.000000e+00 2.728302e+02 5.608850e+00
6.480000e+00 1.000000e+00 2.777544e+02 5.626737e+00
6.490000e+00 1.000000e+00 2.827721e+02 5.644641e+00
6.500000e+00 1.000000e+00 2.878853e+02 5.662562e+00
6.510000e+00 1.000000e+00 2.930958e+02 5.680499e+00
6.520000e+00 1.000000e+00 2.984056e+02 5.698453e+00
6.530000e+00 1.000000e+00 3.038166e+02 5.716424e+00
6.540000e+00 1.000000e+00 3.093308e+02 5.734411e+00
6.550000e+00 1.000000e+00 3.149503e+02 5.752415e+00
6.560000e+00 1.000000e+00 3.206772e+02 5.770435e+00
6.570000e+00 1.000000e+00 3.265136e+02 5.788472e+00
6.580000e+00 1.000000e+00 3.324617e+02 5.806525e+00
6.590000e+00 1.000000e+00 3.385237e+02 5.824594e+00
6.600000e+00 1.000000e+00 3.447019e+02 5.842680e+00
6.610000e+00 1.000000e+00 3.509986e+02 5.860782e+00
6.620000e+00 1.000000e+00 3.574162e+02 5.878901e+00
6.630000e+00 1.000000e+00 3.639570e+02 5.897036e+00
6.640000e+00 1.000000e+00 3.706235e+02 5.915187e+00
6.650000e+00 1.000000e+00 3.774183e+02 5.933354e+00
6.660000e+00 1.000000e+00 3.843439e+02 5.951538e+00
6.670000e+00 1.000000e+00 3.914029e+02 5.969738e+00
6.680000e+00 1.000000e+00 3.985980e+02 5.987953e+00
6.690000e+00 1.000000e+00 4.059320e+02 6.006186e+00
6.700000e+00 1.000000e+00 4.134075e+02 6.024434e+00
6.710000e+00 1.000000e+00 4.210275e+02 6.042698e+00
6.720000e+00 1.000000e+00 4.287948e+02 6.060979e+00
6.730000e+00 1.000000e+00 4.367125e+02 6.079275e+00
6.740000e+00 1.000000e+00 4.447834e+02 6.097587e+00
6.750000e+00 1.000000e+00 4.530108e+02 6.115916e+00
6.760000e+00 1.000000e+00 4.613977e+02 6.134260e+00
6.770000e+00 1.000000e+00 4.699473e+02 6.152621e+00
6.780000e+00 1.000000e+00 4.786631e+02 6.170997e+00
6.790000e+00 1.000000e+00 4.875482e+02 6.189389e+00
6.800000e+00 1.000000e+00 4.966061e+02 6.207797e+00
6.810000e+00 1.000000e+00 5.058403e+02 6.226221e+00
6.820000e+00 1.000000e+00 5.152543e+02 6.244661e+00
6.830000e+00 1.000000e+00 5.248519e+02 6.263116e+00
6.840000e+00 1.000000e+00 5.346367e+02 6.281587e+00
6.850000e+00 1.000000e+00 5.446124e+02 6.300074e+00
6.860000e+00 1.000000e+00 5.547830e+02 6.318577e+00
6.870000e+00 1.000000e+00 5.651524e+02 6.337095e+00
6.880000e+00 1.000000e+00 5.757246e+02 6.355629e+00
6.890000e+00 1.000000e+00 5.865038e+02 6.374179e+00
6.900000e+00 1.000000e+00 5.974941e+02 6.392744e+00
6.910000e+00 1.000000e+00 6.086999e+02 6.411325e+00
6.920000e+00 1.000000e+00 6.201255e+02 6.429922e+00
6.930000e+00 1.000000e+00 6.317753e+02 6.448534e+00
6.940000e+00 1.000000e+00 6.436540e+02 6.467161e+00
6.950000e+00 1.000000e+00 6.557663e+02 6.485804e+00
6.960000e+00 1.000000e+00 6.681167e+02 6.504463e+00
6.970000e+00 1.000000e+00 6.807103e+02 6.523137e+00
6.980000e+00 1.000000e+00 6.935520e+02 6.541826e+00
6.990000e+00 1.000000e+00 7.066469e+02 6.560531e+00
7.000000e+00 1.000000e+00 7.200000e+02 6.579251e+00
7.010000e+00 1.000000e+00 7.336167e+02 6.597987e+00
7.020000e+00 1.000000e+00 7.475024e+02 6.616738e+00
7.030000e+00 1.000000e+00 7.616626e+02 6.635504e+00
7.040000e+00 1.000000e+00 7.761029e+02 6.654285e+00
7.050000e+00 1.000000e+00 7.908291e+02 6.673082e+00
7.060000e+00 1.000000e+00 8.058469e+02 6.691894e+00
7.070000e+00 1.000000e+00 8.211625e+02 6.710721e+00
7.080000e+00 1.000000e+00 8.367818e+02 6.729563e+00
7.090000e+00 1.000000e+00 8.527111e+02 6.748421e+00
7.100000e+00 1.000000e+00 8.689569e+02 6.767293e+00
7.110000e+00 1.000000e+00 8.855255e+02 6.786181e+00
7.120000e+00 1.000000e+00 9.024237e+02 6.805084e+00
7.130000e+00 1.000000e+00 9.196582e+02 6.824002e+00
7.140000e+00 1.000000e+00 9.372360e+02 6.842935e+00
7.150000e+00 1.000000e+00 9.551641e+02 6.861883e+00
7.160000e+00 1.000000e+00 9.734498e+02 6.880846e+00
7.170000e+00 1.000000e+00 9.921003e+02 6.899824e+00
7.180000e+00 1.000000e+00 1.011123e+03 6.918817e+00
7.190000e+00 1.000000e+00 1.030527e+03 6.937825e+00
7.200000e+00 1.000000e+00 1.050318e+03 6.956848e+00
7.210000e+00 1.000000e+00 1.070505e+03 6.975886e+00
7.220000e+00 1.000000e+00 1.091097e+03 6.994938e+00
7.230000e+00 1.000000e+00 1.112101e+03 7.014006e+00
7.240000e+00 1.000000e+00 1.133526e+03 7.033088e+00
7.250000e+00 1.000000e+00 1.155381e+03 7.052185e+00
7.260000e+00 1.000000e+00 1.177675e+03 7.071297e+00
7.270000e+00 1.000000e+00 1.200417e+03 7.090424e+00
7.280000e+00 1.000000e+00 1.223616e+03 7.109565e+00
7.290000e+00 1.000000e+00 1.247282e+03 7.128722e+00
7.300000e+00 1.000000e+00 1.271424e+03 7.147893e+00
7.310000e+00 1.000000e+00 1.296052e+03 7.167078e+00
7.320000e+00 1.000000e+00 1.321177e+03 7.186278e+00
7.330000e+00 1.000000e+00 1.346809e+03 7.205493e+00
7.340000e+00 1.000000e+00 1.372958e+03 7.224723e+00
7.350000e+00 1.000000e+00 1.399635e+03 7.243967e+00
7.360000e+00 1.000000e+00 1.426851e+03 7.263225e+00
7.370000e+00 1.000000e+00 1.454618e+03 7.282498e+00
7.380000e+00 1.000000e+00 1.482946e+03 7.301786e+00
7.390000e+00 1.000000e+00 1.511848e+03 7.321088e+00
7.400000e+00 1.000000e+00 1.541336e+03 7.340405e+00
7.410000e+00 1.000000e+00 1.571422e+03 7.359736e+00
7.420000e+00 1.000000e+00 1.602118e+03 7.379082e+00
7.430000e+00 1.000000e+00 1.633437e+03 7.398442e+00
7.440000e+00 1.000000e+00 1.665393e+03 7.417816e+00
7.450000e+00 1.000000e+00 1.697998e+03 7.437205e+00
7.460000e+00 1.000000e+00 1.731266e+03 7.456608e+00
7.470000e+00 1.000000e+00 1.765211e+03 7.476026e+00
7.480000e+00 1.000000e+00 1.799848e+03 7.495458e+00
7.490000e+00 1.000000e+00 1.835191e+03 7.514904e+00
7.500000e+00 1.000000e+00 1.871254e+03 7.534364e+00
7.510000e+00 1.000000e+00 1.908054e+03 7.553839e+00
7.520000e+00 1.000000e+00 1.945604e+03 7.573328e+00
7.530000e+00 1.000000e+00 1.983922e+03 7.592831e+00
7.540000e+00 1.000000e+00 2.023023e+03 7.612348e+00
7.550000e+00 1.000000e+00 2.062925e+03 7.631880e+00
7.560000e+00 1.000000e+00 2.103643e+03 7.651426e+00
7.570000e+00 1.000000e+00 2.145195e+03 7.670986e+00
7.580000e+00 1.000000e+00 2.187598e+03 7.690559e+00
7.590000e+00 1.000000e+00 2.230871e+03 7.710148e+00
7.600000e+00 1.000000e+00 2.275033e+03 7.729750e+00
7.610000e+00 1.000000e+00 2.320101e+03 7.749366e+00
7.620000e+00 1.000000e+00 2.366095e+03 7.768996e+00
7.630000e+00 1.000000e+00 2.413035e+03 7.788640e+00
7.640000e+00 1.000000e+00 2.460940e+03 7.808299e+00
7.650000e+00 1.000000e+00 2.509832e+03 7.827971e+00
7.660000e+00 1.000000e+00 2.559730e+03 7.847657e+00
7.670000e+00 1.000000e+00 2.610657e+03 7.867357e+00
7.680000e+00 1.000000e+00 2.662635e+03 7.887071e+00
7.690000e+00 1.000000e+00 2.715685e+03 7.906799e+00
7.700000e+00 1.000000e+00 2.769830e+03 7.926541e+00
7.710000e+00 1.000000e+00 2.825095e+03 7.946297e+00
7.720000e+00 1.000000e+00 2.881501e+03 7.966067e+00
7.730000e+00 1.000000e+00 2.939075e+03 7.985850e+00
7.740000e+00 1.000000e+00 2.997840e+03 8.005647e+00
7.750000e+00 1.000000e+00 3.057823e+03 8.025458e+00
7.760000e+00 1.000000e+00 3.119048e+03 8.045283e+00
7.770000e+00 1.000000e+00 3.181544e+03 8.065122e+00
7.780000e+00 1.000000e+00 3.245336e+03 8.084974e+00
7.790000e+00 1.000000e+00 3.310452e+03 8.104840e+00
7.800000e+00 1.000000e+00 3.376921e+03 8.124720e+00
7.810000e+00 1.000000e+00 3.444772e+03 8.144613e+00
7.820000e+00 1.000000e+00 3.514035e+03 8.164520e+00
7.830000e+00 1.000000e+00 3.584738e+03 8.184441e+00
7.840000e+00 1.000000e+00 3.656915e+03 8.204375e+00
7.850000e+00 1.000000e+00 3.730595e+03 8.224323e+00
7.860000e+00 1.000000e+00 3.805811e+03 8.244284e+00
7.870000e+00 1.000000e+00 3.882597e+03 8.264260e+00
7.880000e+00 1.000000e+00 3.960985e+03 8.284248e+00
7.890000e+00 1.000000e+00 4.041011e+03 8.304250e+00
7.900000e+00 1.000000e+00 4.122709e+03 8.324266e+00
7.910000e+00 1.000000e+00 4.206116e+03 8.344295e+00
7.920000e+00 1.000000e+00 4.291268e+03 8.364338e+00
7.930000e+00 1.000000e+00 4.378203e+03 8.384394e+00
7.940000e+00 1.000000e+00 4.466959e+03 8.404463e+00
7.950000e+00 1.000000e+00 4.557576e+03 8.424546e+00
7.960000e+00 1.000000e+00 4.650093e+03 8.444642e+00
7.970000e+00 1.000000e+00 4.744551e+03 8.464752e+00
7.980000e+00 1.000000e+00 4.840993e+03 8.484875e+00
7.990000e+00 1.000000e+00 4.939462e+03 8.505012e+00
8.000000e+00 1.000000e+00 5.040000e+03 8.525161e+00
8.010000e+00 1.000000e+00 5.142653e+03 8.545324e+00
8.020000e+00 1.000000e+00 5.247467e+03 8.565501e+00
8.030000e+00 1.000000e+00 5.354488e+03 8.585690e+00
8.040000e+00 1.000000e+00 5.463765e+03 8.605893e+00
8.050000e+00 1.000000e+00 5.575345e+03 8.626109e+00
8.060000e+00 1.000000e+00 5.689279e+03 8.646339e+00
8.070000e+00 1.000000e+00 5.805619e+03 8.666581e+00
8.080000e+00 1.000000e+00 5.924415e+03 8.686837e+00
8.090000e+00 1.000000e+00 6.045722e+03 8.707106e+00
8.100000e+00 1.000000e+00 6.169594e+03 8.727388e+00
8.110000e+00 1.000000e+00 6.296086e+03 8.747683e+00
8.120000e+00 1.000000e+00 6.425257e+03 8.767992e+00
8.130000e+00 1.000000e+00 6.557163e+03 8.788313e+00
8.140000e+00 1.000000e+00 6.691865e+03 8.808648e+00
8.150000e+00 1.000000e+00 6.829423e+03 8.828996e+00
8.160000e+00 1.000000e+00 6.969900e+03 8.849356e+00
8.170000e+00 1.000000e+00 7.113359e+03 8.869730e+00
8.180000e+00 1.000000e+00 7.259866e+03 8.890117e+00
8.190000e+00 1.000000e+00 7.409486e+03 8.910516e+00
8.200000e+00 1.000000e+00 7.562288e+03 8.930929e+00
8.210000e+00 1.000000e+00 7.718342e+03 8.951355e+00
8.220000e+00 1.000000e+00 7.877717e+03 8.971793e+00
8.230000e+00 1.000000e+00 8.040488e+03 8.992245e+00
8.240000e+00 1.000000e+00 8.206727e+03 9.012710e+00
8.250000e+00 1.000000e+00 8.376512e+03 9.033187e+00
8.260000e+00 1.000000e+00 8.549920e+03 9.053677e+00
8.270000e+00 1.000000e+00 8.727030e+03 9.074180e+00
8.280000e+00 1.000000e+00 8.907923e+03 9.094696e+00
8.290000e+00 1.000000e+00 9.092682e+03 9.115225e+00
8.300000e+00 1.000000e+00 9.281393e+03 9.135767e+00
8.310000e+00 1.000000e+00 9.474141e+03 9.156321e+00
8.320000e+00 1.000000e+00 9.671015e+03 9.176889e+00
8.330000e+00 1.000000e+00 9.872107e+03 9.197469e+00
8.340000e+00 1.000000e+00 1.007751e+04 9.218061e+00
8.350000e+00 1.000000e+00 1.028732e+04 9.238667e+00
8.360000e+00 1.000000e+00 1.050162e+04 9.259285e+00
8.370000e+00 1.000000e+00 1.072053e+04 9.279916e+00
8.380000e+00 1.000000e+00 1.094414e+04 9.300560e+00
8.390000e+00 1.000000e+00 1.117256e+04 9.321216e+00
8.400000e+00 1.000000e+00 1.140589e+04 9.341885e+00
8.410000e+00 1.000000e+00 1.164424e+04 9.362567e+00
8.420000e+00 1.000000e+00 1.188772e+04 9.383261e+00
8.430000e+00 1.000000e+00 1.213644e+04 9.403968e+00
8.440000e+00 1.000000e+00 1.239052e+04 9.424687e+00
8.450000e+00 1.000000e+00 1.265008e+04 9.445419e+00
8.460000e+00 1.000000e+00 1.291524e+04 9.466164e+00
8.470000e+00 1.000000e+00 1.318613e+04 9.486921e+00
8.480000e+00 1.000000e+00 1.346286e+04 9.507690e+00
8.490000e+00 1.000000e+00 1.374558e+04 9.528473e+00
8.500000e+00 1.000000e+00 1.403441e+04 9.549267e+00
8.510000e+00 1.000000e+00 1.432948e+04 9.570074e+00
8.520000e+00 1.000000e+00 1.463094e+04 9.590894e+00
8.530000e+00 1.000000e+00 1.493893e+04 9.611726e+00
8.540000e+00 1.000000e+00 1.525360e+04 9.632571e+00
8.550000e+00 1.000000e+00 1.557508e+04 9.653428e+00
8.560000e+00 1.000000e+00 1.590354e+04 9.674297e+00
8.570000e+00 1.000000e+00 1.623912e+04 9.695179e+00
8.580000e+00 1.000000e+00 1.658199e+04 9.716073e+00
8.590000e+00 1.000000e+00 1.693231e+04 9.736979e+00
8.600000e+00 1.000000e+00 1.729025e+04 9.757898e+00
8.610000e+00 1.000000e+00 1.765597e+04 9.778829e+00
8.620000e+00 1.000000e+00 1.802964e+04 9.799773e+00
8.630000e+00 1.000000e+00 1.841145e+04 9.820728e+00
8.640000e+00 1.000000e+00 1.880158e+04 9.841696e+00
8.650000e+00 1.000000e+00 1.920021e+04 9.862677e+00
8.660000e+00 1.000000e+00 1.960753e+04 9.883669e+00
8.670000e+00 1.000000e+00 2.002374e+04 9.904674e+00
8.680000e+00 1.000000e+00 2.044904e+04 9.925691e+00
8.690000e+00 1.000000e+00 2.088362e+04 9.946720e+00
8.700000e+00 1.000000e+00 2.132769e+04 9.967762e+00
8.710000e+00 1.000000e+00 2.178148e+04 9.988815e+00
8.720000e+00 1.000000e+00 2.224519e+04 1.000988e+01
8.730000e+00 1.000000e+00 2.271905e+04 1.003096e+01
8.740000e+00 1.000000e+00 2.320328e+04 1.005205e+01
8.750000e+00 1.000000e+00 2.369813e+04 1.007315e+01
8.760000e+00 1.000000e+00 2.420381e+04 1.009427e+01
8.770000e+00 1.000000e+00 2.472059e+04 1.011539e+01
8.780000e+00 1.000000e+00 2.524871e+04 1.013653e+01
8.790000e+00 1.000000e+00 2.578842e+04 1.015768e+01
8.800000e+00 1.000000e+00 2.633999e+04 1.017884e+01
8.810000e+00 1.000000e+00 2.690367e+04 1.020002e+01
8.820000e+00 1.000000e+00 2.747975e+04 1.022120e+01
8.830000e+00 1.000000e+00 2.806850e+04 1.024240e+01
8.840000e+00 1.000000e+00 2.867021e+04 1.026361e+01
8.850000e+00 1.000000e+00 2.928517e+04 1.028484e+01
8.860000e+00 1.000000e+00 2.991368e+04 1.030607e+01
8.870000e+00 1.000000e+00 3.055604e+04 1.032732e+01
8.880000e+00 1.000000e+00 3.121256e+04 1.034858e+01
8.890000e+00 1.000000e+00 3.188358e+04 1.036985e+01
8.900000e+00 1.000000e+00 3.256940e+04 1.039113e+01
8.910000e+00 1.000000e+00 3.327038e+04 1.041242e+01
8.920000e+00 1.000000e+00 3.398684e+04 1.043373e+01
8.930000e+00 1.000000e+00 3.471915e+04 1.045505e+01
8.940000e+00 1.000000e+00 3.546766e+04 1.047638e+01
8.950000e+00 1.000000e+00 3.623273e+04 1.049772e+01
8.960000e+00 1.000000e+00 3.701474e+04 1.051907e+01
8.970000e+00 1.000000e+00 3.781407e+04 1.054044e+01
8.980000e+00 1.000000e+00 3.863113e+04 1.056181e+01
8.990000e+00 1.000000e+00 3.946630e+04 1.058320e+01
9.000000e+00 1.000000e+00 4.032000e+04 1.060460e+01
9.010000e+00 1.000000e+00 4.119265e+04 1.062602e+01
9.020000e+00 1.000000e+00 4.208469e+04 1.064744e+01
9.030000e+00 1.000000e+00 4.299654e+04 1.066887e+01
9.040000e+00 1.000000e+00 4.392867e+04 1.069032e+01
9.050000e+00 1.000000e+00 4.488153e+04 1.071178e+01
9.060000e+00 1.000000e+00 4.585559e+04 1.073325e+01
9.070000e+00 1.000000e+00 4.685134e+04 1.075473e+01
9.080000e+00 1.000000e+00 4.786927e+04 1.077623e+01
9.090000e+00 1.000000e+00 4.890989e+04 1.079773e+01
9.100000e+00 1.000000e+00 4.997371e+04 1.081925e+01
9.110000e+00 1.000000e+00 5.106126e+04 1.084078e+01
9.120000e+00 1.000000e+00 5.217308e+04 1.086232e+01
9.130000e+00 1.000000e+00 5.330974e+04 1.088387e+01
9.140000e+00 1.000000e+00 5.447178e+04 1.090544e+01
9.150000e+00 1.000000e+00 5.565980e+04 1.092701e+01
9.160000e+00 1.000000e+00 5.687439e+04 1.094860e+01
9.170000e+00 1.000000e+00 5.811615e+04 1.097020e+01
9.180000e+00 1.000000e+00 5.938570e+04 1.099181e+01
9.190000e+00 1.000000e+00 6.068369e+04 1.101343e+01
9.200000e+00 1.000000e+00 6.201076e+04 1.103506e+01
9.210000e+00 1.000000e+00 6.336758e+04 1.105671e+01
9.220000e+00 1.000000e+00 6.475484e+04 1.107836e+01
9.230000e+00 1.000000e+00 6.617321e+04 1.110003e+01
9.240000e+00 1.000000e+00 6.762343e+04 1.112171e+01
9.250000e+00 1.000000e+00 6.910623e+04 1.114340e+01
9.260000e+00 1.000000e+00 7.062234e+04 1.116510e+01
9.270000e+00 1.000000e+00 7.217254e+04 1.118681e+01
9.280000e+00 1.000000e+00 7.375760e+04 1.120854e+01
9.290000e+00 1.000000e+00 7.537833e+04 1.123028e+01
9.300000e+00 1.000000e+00 7.703556e+04 1.125202e+01
9.310000e+00 1.000000e+00 7.873011e+04 1.127378e+01
9.320000e+00 1.000000e+00 8.046285e+04 1.129555e+01
9.330000e+00 1.000000e+00 8.223465e+04 1.131733e+01
9.340000e+00 1.000000e+00 8.404642e+04 1.133912e+01
9.350000e+00 1.000000e+00 8.589908e+04 1.136093e+01
9.360000e+00 1.000000e+00 8.779357e+04 1.138274e+01
9.370000e+00 1.000000e+00 8.973085e+04 1.140457e+01
9.380000e+00 1.000000e+00 9.171192e+04 1.142641e+01
9.390000e+00 1.000000e+00 9.373777e+04 1.144826e+01
9.400000e+00 1.000000e+00 9.580946e+04 1.147012e+01
9.410000e+00 1.000000e+00 9.792803e+04 1.149199e+01
9.420000e+00 1.000000e+00 1.000946e+05 1.151387e+01
9.430000e+00 1.000000e+00 1.023102e+05 1.153576e+01
9.440000e+00 1.000000e+00 1.045760e+05 1.155767e+01
9.450000e+00 1.000000e+00 1.068932e+05 1.157959e+01
9.460000e+00 1.000000e+00 1.092630e+05 1.160151e+01
9.470000e+00 1.000000e+00 1.116865e+05 1.162345e+01
9.480000e+00 1.000000e+00 1.141651e+05 1.164540e+01
9.490000e+00 1.000000e+00 1.167000e+05 1.166736e+01
9.500000e+00 1.000000e+00 1.192925e+05 1.168933e+01
9.510000e+00 1.000000e+00 1.219439e+05 1.171132e+01
9.520000e+00 1.000000e+00 1.246556e+05 1.173331e+01
9.530000e+00 1.000000e+00 1.274291e+05 1.175532e+01
9.540000e+00 1.000000e+00 1.302657e+05 1.177733e+01
9.550000e+00 1.000000e+00 1.331669e+05 1.179936e+01
9.560000e+00 1.000000e+00 1.361343e+05 1.182140e+01
9.570000e+00 1.000000e+00 1.391693e+05 1.184345e+01
9.580000e+00 1.000000e+00 1.422735e+05 1.186551e+01
9.590000e+00 1.000000e+00 1.454486e+05 1.188758e+01
9.600000e+00 1.000000e+00 1.486961e+05 1.190966e+01
9.610000e+00 1.000000e+00 1.520179e+05 1.193175e+01
9.620000e+00 1.000000e+00 1.554155e+05 1.195386e+01
9.630000e+00 1.000000e+00 1.588909e+05 1.197597e+01
9.640000e+00 1.000000e+00 1.624457e+05 1.199810e+01
9.650000e+00 1.000000e+00 1.660818e+05 1.202024e+01
9.660000e+00 1.000000e+00 1.698013e+05 1.204238e+01
9.670000e+00 1.000000e+00 1.736059e+05 1.206454e+01
9.680000e+00 1.000000e+00 1.774976e+05 1.208671e+01
9.690000e+00 1.000000e+00 1.814786e+05 1.210889e+01
9.700000e+00 1.000000e+00 1.855509e+05 1.213108e+01
9.710000e+00 1.000000e+00 1.897167e+05 1.215329e+01
9.720000e+00 1.000000e+00 1.939781e+05 1.217550e+01
9.730000e+00 1.000000e+00 1.983373e+05 1.219772e+01
9.740000e+00 1.000000e+00 2.027967e+05 1.221996e+01
9.750000e+00 1.000000e+00 2.073586e+05 1.224220e+01
9.760000e+00 1.000000e+00 2.120254e+05 1.226446e+01
9.770000e+00 1.000000e+00 2.167996e+05 1.228673e+01
9.780000e+00 1.000000e+00 2.216837e+05 1.230901e+01
9.790000e+00 1.000000e+00 2.266802e+05 1.233130e+01
9.800000e+00 1.000000e+00 2.317919e+05 1.235360e+01
9.810000e+00 1.000000e+00 2.370213e+05 1.237591e+01
9.820000e+00 1.000000e+00 2.423714e+05 1.239823e+01
9.830000e+00 1.000000e+00 2.478449e+05 1.242056e+01
9.840000e+00 1.000000e+00 2.534447e+05 1.244290e+01
9.850000e+00 1.000000e+00 2.591738e+05 1.246525e+01
9.860000e+00 1.000000e+00 2.650352e+05 1.248762e+01
9.870000e+00 1.000000e+00 2.710321e+05 1.250999e+01
9.880000e+00 1.000000e+00 2.771676e+05 1.253238e+01
9.890000e+00 1.000000e+00 2.834450e+05 1.255477e+01
9.900000e+00 1.000000e+00 2.898677e+05 1.257718e+01
9.910000e+00 1.000000e+00 2.964391e+05 1.259960e+01
9.920000e+00 1.000000e+00 3.031627e+05 1.262202e+01
9.930000e+00 1.000000e+00 3.100420e+05 1.264446e+01
9.940000e+00 1.000000e+00 3.170808e+05 1.266691e+01
9.950000e+00 1.000000e+00 3.242829e+05 1.268937e+01
9.960000e+00 1.000000e+00 3.316520e+05 1.271184e+01
9.970000e+00 1.000000e+00 3.391922e+05 1.273432e+01
9.980000e+00 1.000000e+00 3.469075e+05 1.275681e+01
9.990000e+00 1.000000e+00 3.548020e+05 1.277932e+01
1.000000e+01 1.000000e+00 3.628800e+05 1.280183e+01
