0.000000e+00 1.000000e-09 inf nan
1.250000e-01 1.403162e-01 7.533942e+00 2.019418e+00
2.500000e-01 2.763263e-01 3.625610e+00 1.288023e+00
3.750000e-01 4.041169e-01 2.370436e+00 8.630740e-01
5.000000e-01 5.205000e-01 1.772454e+00 5.723649e-01
6.250000e-01 6.232410e-01 1.434519e+00 3.608295e-01
7.500000e-01 7.111556e-01 1.225417e+00 2.032809e-01
8.750000e-01 7.840749e-01 1.089652e+00 8.585870e-02
1.000000e+00 8.427007e-01 1.000000e+00 -1.093510e-08
1.125000e+00 8.883882e-01 9.417427e-01 -6.002319e-02
1.250000e+00 9.229002e-01 9.064025e-01 -9.827185e-02
1.375000e+00 9.481702e-01 8.889136e-01 -1.177553e-01
1.500000e+00 9.661053e-01 8.862269e-01 -1.207822e-01
1.625000e+00 9.784438e-01 8.965743e-01 -1.091741e-01
1.750000e+00 9.866717e-01 9.190625e-01 -8.440113e-02
1.875000e+00 9.919900e-01 9.534458e-01 -4.767269e-02
2.000000e+00 9.953221e-01 1.000000e+00 -1.093510e-08
2.125000e+00 9.973458e-01 1.059461e+00 5.775984e-02
2.250000e+00 9.985372e-01 1.133003e+00 1.248717e-01
2.375000e+00 9.992170e-01 1.222256e+00 2.006985e-01
2.500000e+00 9.995930e-01 1.329340e+00 2.846829e-01
2.625000e+00 9.997946e-01 1.456933e+00 3.763337e-01
2.750000e+00 9.998993e-01 1.608359e+00 4.752147e-01
2.875000e+00 9.999521e-01 1.787711e+00 5.809360e-01
3.000000e+00 9.999779e-01 2.000000e+00 6.931472e-01
3.125000e+00 9.999901e-01 2.251354e+00 8.115316e-01
3.250000e+00 9.999957e-01 2.549257e+00 9.358019e-01
3.375000e+00 9.999982e-01 2.902858e+00 1.065696e+00
3.500000e+00 9.999993e-01 3.323351e+00 1.200974e+00
3.625000e+00 9.999997e-01 3.824450e+00 1.341415e+00
3.750000e+00 9.999999e-01 4.422988e+00 1.486816e+00
3.875000e+00 1.000000e+00 5.139669e+00 1.636989e+00
4.000000e+00 1.000000e+00 6.000000e+00 1.791759e+00
4.125000e+00 1.000000e+00 7.035480e+00 1.950966e+00
4.250000e+00 1.000000e+00 8.285085e+00 2.114457e+00
4.375000e+00 1.000000e+00 9.797147e+00 2.282091e+00
4.500000e+00 1.000000e+00 1.163173e+01 2.453737e+00
4.625000e+00 1.000000e+00 1.386363e+01 2.629269e+00
4.750000e+00 1.000000e+00 1.658621e+01 2.808571e+00
4.875000e+00 1.000000e+00 1.991622e+01 2.991534e+00
5.000000e+00 1.000000e+00 2.400000e+01 3.178054e+00
5.125000e+00 1.000000e+00 2.902136e+01 3.368032e+00
5.250000e+00 1.000000e+00 3.521161e+01 3.561376e+00
5.375000e+00 1.000000e+00 4.286252e+01 3.757998e+00
5.500000e+00 1.000000e+00 5.234278e+01 3.957814e+00
5.625000e+00 1.000000e+00 6.411929e+01 4.160745e+00
5.750000e+00 1.000000e+00 7.878448e+01 4.366716e+00
5.875000e+00 1.000000e+00 9.709156e+01 4.575654e+00
6.000000e+00 1.000000e+00 1.200000e+02 4.787492e+00
6.125000e+00 1.000000e+00 1.487344e+02 5.002162e+00
6.250000e+00 1.000000e+00 1.848610e+02 5.219604e+00
6.375000e+00 1.000000e+00 2.303860e+02 5.439756e+00
6.500000e+00 1.000000e+00 2.878853e+02 5.662562e+00
6.625000e+00 1.000000e+00 3.606710e+02 5.887966e+00
6.750000e+00 1.000000e+00 4.530108e+02 6.115916e+00
6.875000e+00 1.000000e+00 5.704129e+02 6.346360e+00
7.000000e+00 1.000000e+00 7.200000e+02 6.579251e+00
7.125000e+00 1.000000e+00 9.109985e+02 6.814541e+00
7.250000e+00 1.000000e+00 1.155381e+03 7.052185e+00
7.375000e+00 1.000000e+00 1.468711e+03 7.292140e+00
7.500000e+00 1.000000e+00 1.871254e+03 7.534364e+00
7.625000e+00 1.000000e+00 2.389445e+03 7.778817e+00
7.750000e+00 1.000000e+00 3.057823e+03 8.025458e+00
7.875000e+00 1.000000e+00 3.921589e+03 8.274252e+00
8.000000e+00 1.000000e+00 5.040000e+03 8.525161e+00
8.125000e+00 1.000000e+00 6.490864e+03 8.778151e+00
8.250000e+00 1.000000e+00 8.376512e+03 9.033187e+00
8.375000e+00 1.000000e+00 1.083174e+04 9.290236e+00
8.500000e+00 1.000000e+00 1.403441e+04 9.549267e+00
8.625000e+00 1.000000e+00 1.821952e+04 9.810249e+00
8.750000e+00 1.000000e+00 2.369813e+04 1.007315e+01
8.875000e+00 1.000000e+00 3.088251e+04 1.033795e+01
9.000000e+00 1.000000e+00 4.032000e+04 1.060460e+01
9.125000e+00 1.000000e+00 5.273827e+04 1.087310e+01
9.250000e+00 1.000000e+00 6.910623e+04 1.114340e+01
9.375000e+00 1.000000e+00 9.071585e+04 1.141549e+01
9.500000e+00 1.000000e+00 1.192925e+05 1.168933e+01
9.625000e+00 1.000000e+00 1.571434e+05 1.196491e+01
9.750000e+00 1.000000e+00 2.073586e+05 1.224220e+01
9.875000e+00 1.000000e+00 2.740823e+05 1.252118e+01
1.000000e+01 1.000000e+00 3.628800e+05 1.280183e+01
